147.307
132.531
125.107
109.015
139.12
143.169
156.487
155.018
155.113
152.977
116.111
118.026
117.964
143.665
130.26
156.909
129.557
108.102
109.701
131.663
105.798
107.964
158.757
126.13
147.714
108.641
143.649
133.918
121.423
110.654
153.819
113.322
127.766
106.148
107.64
124.882
113.535
118.448
122.19
109.951
108.33
105.415
118.558
142.827
154.942
156.525
125.187
122.933
113.488
115.091
112.304
119.203
125.484
118.243
133.756
122.051
140.299
125.762
124.019
105.752
128.097
113.745
113.48
151.349
150.83
153.527
121.789
105.101
141.964
138.827
126.137
123.579
149.174
118.533
119.001
143.361
113.66
125.943
127.136
152.285
117.698
112.726
111.448
144.849
143.401
117.298
107.443
109.977
109.054
145.915
121.207
107.393
113.416
108.735
110.489
108.503
130.342
117.14
115.324
115.284
148.865
112.257
113.753
146.995
141.31
140.19
107.771
135.899
131.657
121.877
126.053
142.382
159.009
107.072
149.594
112.557
111.717
120.811
123.04
116.336
149.921
147.267
118.256
154.929
151.162
123.81
157.494
147.055
109.83
111.84
116.467
149.042
128.649
131.983
122.473
113.691
123.085
118.255
138.081
145.136
116.349
105.514
116.829
128.43
122.227
138.278
139.127
113.63
108.909
127.813
109.955
107.39
132.493
125.452
113.303
122.321
111.713
143.383
146.368
133.701
105.49
124.31
133.637
115.466
143.954
119.842
116.656
118.951
139.323
157.079
130.744
114.009
120.974
153.598
110.591
109.376
118.904
141.617
135.976
119.138
125.204
146.865
149.734
154.29
154.646
111.104
127.412
153.236
123.38
110.27
106.174
114.568
148.119
128.461
155.341
106.748
147.838
126.781
106.644
122.491
105.348
123.421
127.232
113.063
108.42
136.556
108.501
155.555
109.869
120.164
145.243
116.02
126.129
122.647
125.305
107.351
115.37
128.968
155.312
125.838
120.533
108.647
142.281
149.19
119.469
154.008
112.231
110.938
137.847
120.4
111.113
144.066
110.413
142.956
132.943
126.508
107.809
120.217
148.501
121.058
111.483
112.574
110.22
123.692
133.764
105.84
120.447
122.693
148.539
132.945
123.918
146.122
113.712
128.073
131.323
144.028
112.705
148.683
118.719
116.53
112.248
148.099
146.299
124.045
106.15
115.21
140.935
117.99
127.02
156.358
135.529
136.898
148.021
108.567
126.562
121.429
125.697
111.86
137.536
129.824
147.311
120.419
152.767
156.03
115.291
151.253
114.797
126.442
143.459
149.062
124.886
125.345
154.59
131.028
120.722
108.141
126.866
131.816
107.541
149.852
124.254
147.169
126.732
113.043
144.443
118.537
115.247
133.952
105.373
112.319
127.053
116.898
156.724
141.401
156.847
139.255
148.231
121.78
157.901
107.593
150.686
153.297
120.319
126.646
147.582
129.144
131.63
107.15
134.188
123.056
121.126
147.012
147.253
151.791
118.31
119.427
132.304
136.589
139.301
138.401
106.054
114.69
134.846
110.342
150.378
154.334
132.981
135.804
141.334
112.502
123.376
127.861
106.845
122.465
128.555
126.7
129.862
135
114.755
124.684
121.604
105.983
133.469
155.887
142.201
117.535
117.029
107.677
110.681
113.631
114.641
136.471
154.1
138.007
133.757
137.024
121.825
107.096
127.379
144.223
118.126
114.433
119.93
132.143
150.626
120.249
126.704
124.851
147.33
125.185
127.259
106.393
108.939
124.579
148.86
118.567
106.496
116.15
115.164
112.187
138.006
138.586
117.561
109.698
150.816
156.055
105.943
147.219
134.922
107.025
107.365
105.141
128.654
150.009
137.943
127.741
112.192
150.457
132.687
130.379
149.939
114.305
153.273
143.951
147.057
158.071
114.516
112.472
109.183
113.077
115.893
126.487
158.746
123.217
131.878
159.763
119.372
108.042
116.347
113.524
154.63
130.598
105.437
149.939
155.106
114.654
108.35
138.861
106.057
121.514
132.558
