148.079
134.032
124.327
109.108
127.185
124.537
123.451
144.638
140.869
144.507
118.447
141.289
110.25
157.687
154.33
108.178
111.504
108.587
153.847
126.031
123.763
142.282
117.279
109.264
114.716
137.25
111.671
127.106
158.702
130.321
111.246
105.052
112.206
127.872
127.499
116.681
137.579
112.741
113.009
130.917
156.56
115.248
139.31
149.77
117.88
130.97
151.574
115.196
127.478
124.171
113.304
118.168
124.441
109.181
132.517
111.086
117.791
142.996
138.243
128.082
121.052
114.834
106.669
127.049
114.098
107.245
