143.963
106.032
132.371
113.282
120.044
158.916
149.281
128.412
105.672
155.213
113.797
107.276
122.529
119.431
126.201
115.772
130.759
122.677
110.733
114.375
157.993
126.091
127.072
145.993
132.988
107.809
141.272
127.184
116.56
128.26
120.92
133.819
108.579
128.479
144.237
121.489
118.218
111.718
115.792
106.448
133.419
116.982
109.655
106.332
159.424
150.178
158.123
106.792
146.079
152.967
122.405
109.19
116.089
143.9
142.916
118.53
121.823
122.943
131.303
111.582
152.031
132.072
108.382
138.554
106.288
152.898
141.392
132.787
152.946
112.988
132.427
147.433
130.09
114.158
151.65
106.845
110.736
127.542
105.1
117.661
143.276
127.128
122.176
123.896
127.102
131.302
129.828
114.867
122.888
136.723
140.693
128.021
150.133
132.106
158.796
105.479
137.029
129.945
142.773
138.632
107.147
108.988
122.608
126.501
131.911
114.898
125.977
117.812
122.227
146.207
128.286
146.401
111.784
121.465
123.646
107.497
118.712
106.419
109.868
106.229
156.773
124.771
112.814
116.002
124.692
127.512
127.743
110.937
127.004
123.705
106.33
107.608
130.89
121.384
154.319
128.127
112.071
120.001
127.771
122.513
130.325
106.271
141.404
105.643
127.445
105.419
151.364
142.519
148.311
116.809
151.316
121.335
124.858
139.578
135.202
110.519
112.408
146.31
105.51
121.122
133.761
141.406
137.005
140.85
108.787
127.333
150.66
131.795
108.16
114.52
143.531
113.965
149.735
126.739
113.545
108.91
143.856
126.959
151.346
123.143
110.563
123.72
147.214
151.06
143.603
113.856
107.835
156.343
122.384
116.949
154.638
157.823
119.938
115.241
116.18
136.486
154.462
109.644
153.853
125.243
118.184
154.392
134.306
137.042
112.44
110.494
133.659
122.093
125.969
106.156
139.543
114.639
143.262
157.702
158.182
138.534
116.714
119.401
110.34
142.704
144.32
118.54
125.33
143.664
108.792
105.903
107.555
126.284
119.263
113.123
107.126
129.403
106.755
147.61
150.703
141.338
108.376
138.952
132.757
109.9
110.613
119.101
144.045
145.225
109.395
117.096
115.035
125.885
127.994
105.598
155.999
136.544
144.667
125.946
128.774
116.658
139.326
118.728
125.131
110.125
119.318
106.442
148.912
114.594
108.264
131.106
144.541
116.008
120.324
127.897
119.515
150.022
