151.703
176.243
152.154
201.428
158.043
254.497
154.47
226.083
172.304
216.69
202.227
176.105
258.227
205.862
231.713
153.988
203.622
202.02
299.455
166.754
151.504
185.732
261.383
174.707
173.239
184.18
358.064
159.368
198.782
185.928
204.544
156.251
159.67
167.639
170.482
163.771
295.636
226.635
156.896
197.865
172.422
164.639
163.232
291.562
150.759
174.772
168.932
209.847
186.468
156.195
208.926
209.717
202.542
156.313
192.745
575.798
160.995
152.789
186.245
275.601
174.129
179.611
186.045
152.169
235.927
751.422
205.53
158.65
171.276
224.222
162.161
216.394
172.048
157.964
341.524
177.592
162.104
183.537
249.176
176.516
213.102
180.266
158.376
224.49
155.379
151.534
153.699
154.873
356.252
404.391
198.587
233.711
173.123
179.033
349.412
220.464
165.048
155.025
229.767
203.468
222.772
157.959
224.101
194.922
154.755
183.731
179.016
153.003
527.682
406.964
223.497
189.783
161.336
259.102
261.454
154.967
179.138
158.705
221.741
229.639
164.64
225.309
269.918
152.394
407.345
163.214
193.02
181.984
208.925
178.887
264.069
151.604
162.362
166.532
320.613
196.174
220.428
155.95
199.086
153.016
167.23
185.184
178.207
336.309
171.521
225.179
150.047
248.182
170.874
189.514
160.589
151.947
193.995
157.471
209.719
175.131
471.921
156.068
192.405
701.225
193.945
294.805
345.096
154.603
152.117
155.935
166.956
190.007
166.816
213.55
208.06
255.169
154.386
153.086
214.172
209.438
152.902
151.564
171.351
172.198
158.974
191.212
182.948
162.524
189.827
197.778
151.294
201.809
238.543
186.071
266.652
183.888
160.084
485.952
175.767
165.9
153.403
169.068
154.994
267.081
204.491
157.099
161.519
153.735
352.979
407.562
168.448
164.314
168.749
173.182
175.548
298.626
150.006
171.396
242.427
151.538
227.138
194.554
158.507
172.903
177.405
181.901
159.281
153.717
199.571
228.292
381.742
229.298
161.272
160.383
152.35
216.695
188.412
151.614
202.636
254.472
170.914
167.418
153.749
193.28
150.652
306.499
273.943
497.45
151.557
193.53
163.035
258.374
347.955
171.008
192.617
153.327
259.717
174.978
213.811
211.84
225.743
231.7
161.585
230.99
176.443
177.729
180.258
312.727
159.906
208.129
214.416
251.113
254.882
190.78
177.013
212.373
316.215
176.084
193.256
189.873
169.384
255.35
150.395
313.85
251.547
186.55
150.728
223.541
162.704
234.207
156.095
161.879
210.679
173.59
247.821
154.615
157.89
184.435
233.566
165.617
204.711
227.147
154.645
226.674
155.585
168.688
425.988
204.36
206.686
186.751
351.288
172.487
164.975
198.501
168.916
285.883
168.294
346.732
205.378
289.031
212.908
152.113
346.77
202.741
155.295
200.944
154.368
260.48
227.494
245.152
232.205
155.838
184.605
164.053
227.853
168.146
173.071
150.886
205.893
669.6
199.275
168.917
187.222
237.783
166.15
169.775
206.391
301.79
249.401
150.914
158.456
213.059
354.455
170.656
160.002
176.421
151.282
196.518
156.089
266.178
167.116
154.128
154.668
154.61
210.956
172.761
221.2
219.95
155.418
154.623
598.727
272.656
233.65
166.977
230.862
151.442
189.127
189.06
175.244
227.968
163.209
175.448
168.213
179.543
252.307
162.439
158.492
174.615
201.03
251.22
151.452
302.997
212.764
202.977
196.512
222.819
153.585
359.092
166.433
189.575
452.649
186.663
150.819
235.179
171.574
186.235
177.922
170.968
155.875
269.334
316.246
173.302
345.795
174.121
173.52
181.385
219.808
155.524
180.519
159.537
217.509
210.809
190.218
158.862
236.082
203.94
159.621
183.825
305.628
211.608
175.916
196.954
226.723
288.596
151.284
185.817
210.759
173.749
157.363
157.966
186.039
224.542
174.062
184.711
194.65
186.809
166.678
151.913
155.076
152.011
207.773
175.464
195.915
230.022
154.123
155.885
187.101
215.734
180.364
187.415
174.338
173.828
198.988
223.24
188.618
238.143
218.477
181.348
184.829
164.804
216.196
184.875
170.59
150.539
168.691
215.433
169.278
175.076
315.812
228.453
159.806
230.4
165.187
165.638
156.079
163.721
214.073
201.712
160.022
174.531
238.935
359.42
178.912
273.248
267.252
157.166
168.993
208.136
159.448
217.766
233.638
159.625
156.254
306.852
172.897
267.222
152.631
183.259
492.742
150.883
622.892
208.024
175.672
242.066
347.288
183.47
158.224
279.908
179.547
189.662
234.432
164.738
164.862
268.538
178.882
258.716
393.122
249.082
196.419
667.329
207.539
213.494
256.948
150.816
181.764
255.981
263.076
271.565
166.793
184.657
193.577
196.299
165.234
162.122
177.695
175.024
171.154
162.564
206.264
174.912
205.003
242.087
246.356
159.584
175.414
157.426
173.266
271.028
154.372
163.301
299.718
176.797
499.588
174.847
218.031
173.322
150.096
199.865
228.185
210.711
266.915
175.765
197.631
153.838
194.794
192.503
223.016
153.973
200.92
174.306
174.013
262.245
217.719
397.366
263.701
207.156
150.053
306.013
185.264
183.111
194.087
372.289
174.334
222.482
328.268
349.843
154.329
284.664
215.495
153.233
150.781
175.961
150.504
389.174
191.055
165.005
180.13
199.697
150.291
156.113
228.325
215.818
169.312
195.06
665.394
342.833
234.963
163.104
275.177
170.168
150.592
191.721
269.897
185.915
194.524
159.763
208.437
182.395
251.242
176.522
220.184
152.063
218.092
308.638
153.059
290.408
209.635
180.085
202.829
270.664
180.765
245.376
155.675
252.831
165.013
241.134
160.425
152.882
280.833
181.594
155.666
352.321
151.423
151.516
534.73
176.35
288.802
166.395
170.917
162.306
196.493
168.285
227.326
211.178
162.913
160.193
154.145
162.291
170.261
443.809
150.048
155.662
188.564
236.882
221.895
233.541
163.743
202.792
155.359
197.783
210.283
169.356
153.397
192.245
157.949
173.86
209.007
213.51
183.439
157.17
520.181
266.318
203.507
182.656
245.718
193.276
243.166
202.527
194.822
199.875
181.084
182.038
173.611
177.613
252.833
187.612
154.651
213.067
159.2
399.191
163.755
179.747
173.455
152.73
258.978
268.858
153.533
168.274
208.044
154.367
172.965
171.268
198.897
160.097
216.367
155.192
266.841
170.965
196.73
729.519
266.243
216.926
203.099
195.234
192.584
199.006
183.226
155.761
203.3
161.811
345.227
194.394
280.452
175.104
156.4
152.435
336.985
162.949
184.273
267.987
157.507
220.569
166.67
202.192
156.788
189.894
156.328
155.768
695.343
274.346
185.978
222.046
152.09
206.247
275.086
351.351
199.012
232.5
171.21
155.087
650.005
152.843
424.203
271.9
191.868
154.815
184.894
166.875
174.69
218.845
231.887
249.669
197.139
152.757
151.246
188.73
189.586
256.077
255.546
298.89
266.344
224.16
179.581
158.342
220.992
153.427
151.919
179.841
218.274
217.213
293.389
155.881
311.154
214.714
178.7
225.532
269.371
156.437
266.139
582.369
182.325
321.889
195.406
168.636
169.919
216.236
237.067
182.181
257.877
152.138
168.65
173.14
189.481
443.171
197.849
209.208
175.177
311.505
182.921
151.262
163.85
211.196
242.124
150.652
272.417
366.637
170.658
191.674
157.458
175.058
219.709
223.144
155.987
153.321
150.341
253.025
185.319
263.99
279.522
464.154
187.476
194.223
215.488
167.689
227.572
197.963
155.267
517.403
183.612
183.907
164.909
197.896
154.859
165.738
172.874
154.763
197.152
368.212
151.411
153.961
172.284
154.082
150.64
213.668
172.282
915.968
258.674
283.696
168.392
151.631
170.957
152.458
372.675
206.869
164.349
196.216
287.334
167.464
178.023
170.88
163.44
166.139
151.567
200.868
221.093
156.064
181.278
162.581
224.4
153.64
168.309
197.129
160.852
307.154
161.711
157.665
235.374
204.985
185.656
194.865
224.73
233.81
175.534
282.707
194.974
237.973
177.031
195.523
170.91
219.1
283.827
196.355
188.836
151.191
153.216
250.493
156.745
159.963
158.713
361.93
216.192
181.643
195.483
184.172
167.918
254.548
178.232
155.281
151.595
184.676
348.677
219.888
156.703
184.103
241.626
199.37
179.007
202.849
170.527
208.29
180.074
196.957
169.446
176.089
196.613
314.188
153.896
166.354
161.793
150.375
180.683
160.316
185.941
197.646
151.352
173.714
154.715
150.518
159.76
156.885
232.55
213.647
281.766
252.485
176.419
152.949
177.657
269.161
158.714
169.385
168.839
155.643
241.096
152.796
158.546
164.356
192.804
159.046
161.833
183.24
154.596
230.877
197.143
173.741
162.912
619.986
266.427
263.45
227.368
266.843
181.964
201.803
157.258
234.961
211.171
190.461
160.079
210.849
281.341
286.271
188.951
231.577
184.74
161.179
214.315
196.84
153.931
179.115
172.207
187.024
320.583
514.659
208.893
165.575
291.864
153.291
157.278
150.348
177.246
152.987
187.721
152.993
164.781
180.986
183.459
180.268
200.883
158.587
225.815
204.143
156.594
286
762.462
184.271
186.202
153.381
181.486
187.078
163.883
181.166
155.1
187.219
167.612
152.586
635.611
199.689
191.072
189.785
192.757
161.175
190.173
199.232
154.142
323.297
218.186
253.895
151.026
189.136
188.42
166.765
161.373
236.297
202.845
153.925
273.104
191.068
178.771
201.291
150.956
158.414
241.276
159.262
155.941
205.649
152.199
170.783
160.155
241.197
161.737
153.018
271.61
155.102
238.034
162.095
183.511
168.894
157.711
156.274
153.089
159.678
262.894
241.79
294.124
156.256
259.625
215.591
240.59
175.137
202.541
310.95
180.202
225.147
226.699
367.842
330.569
151.299
155.693
156.189
383.672
275.837
156.156
150.605
169.576
153.155
277.938
282.852
165.357
597.867
258.549
156.713
158.419
151.158
190.095
199.73
230.646
191.821
258.192
167.558
162.031
317.456
175.146
331.783
201.821
338.114
179.234
179.374
241.029
244.268
192.758
334.637
218.881
186.395
230.112
180.533
354.532
160.703
253.192
215.103
239.002
222.599
349.572
236.878
164.177
205.411
180.111
167.323
167.941
220.757
164.299
168.527
301.285
208.811
519.218
180
239.456
154.042
180.543
170.208
191.2
219.399
205.544
183.912
168.891
155.192
286.623
162.327
319.229
202.138
177.488
164.075
347.275
220.929
177.089
151.778
162.384
313.865
155.443
158.503
171.054
170.622
267.34
166.526
343.204
182.427
211.291
218.832
159.186
181.911
206.185
151.055
220.941
177.253
267.112
169.213
301.243
167.161
154.55
194.316
212.662
177.537
256.771
180.563
229.512
160.567
337.886
218.17
166.67
218.592
261.779
168.503
182.349
202.704
188.304
172.482
240.523
178.463
171.29
176.928
211.225
208.993
173.926
172.505
158.532
234.419
226.856
210.977
174.117
150.046
169.2
154.428
163.695
151.208
174.849
155.53
176.874
185.017
236.067
169.886
161.057
208.753
449.16
382.502
282.276
236.373
273.292
173.984
208.433
165.089
151.83
220.311
264.445
155
242.013
182.581
276.243
158.75
176.211
161.615
164.547
200.541
152.937
171.412
171.686
209.466
155.803
301.85
219.997
169.618
357.691
161.124
166.079
184.013
185.548
165.458
162.74
157.973
168.475
195.159
208.832
168.873
190.653
156.537
152.394
152.944
163.604
242.333
202.848
293.583
272.502
226.312
182.098
190.227
182.745
169.191
160.151
158.862
183.557
181.15
263.281
487.411
196.185
237.2
213.577
770.747
159.707
178.946
160.663
195.453
190.781
244.908
545.774
210.229
177.449
178.565
167.564
165.634
150.142
150.108
158.345
294.381
221.739
269.676
220.666
176.286
152.832
158.378
214.178
159.162
155.633
180.386
195.559
174.559
157.904
157.557
156.024
250.765
158.112
301.261
164.982
489.451
181.042
160.499
155.753
188.959
169.848
192.574
289.91
151.114
236.472
214.381
170.189
174.012
236.384
158.826
178.841
215.241
155.4
193.3
350.009
995.169
218.783
151.323
166.206
222.134
160.293
189.839
313.544
212.629
168.525
178.238
176.234
159.135
186.25
178.65
153.386
160.435
188.707
153.132
185.432
178.426
217.963
154.888
208.326
202.405
340.418
240.513
167.936
232.757
150.431
165.588
172.566
323.815
186.906
151.803
173.231
235.759
262.088
154.056
213.407
153.647
166.277
192.887
255.583
161.145
277.231
163.671
223.809
285.025
164.638
192.148
156.319
355.221
152.846
317.145
168.738
155.355
173.561
247.846
177.299
150.307
150.134
161.72
167.526
180.832
229.587
161.727
667.72
343.899
162.083
163.627
176.291
400.005
168.442
238.348
179.264
329.56
291.147
491.276
155.968
227.362
234.261
154.38
230.134
151.853
162.671
155.081
186.638
180.462
368.039
150.507
243.046
198.25
150.646
160.898
192.109
182.49
190.226
180.685
167.27
197.097
251.341
212.655
191.766
190.556
200.055
365.626
224.48
195.756
160.737
189.437
166.261
207.504
215.514
207.521
155.934
169.598
199.928
216.446
381.718
158.59
223.146
217.183
154.935
187.394
156.579
212.523
151.721
178.271
158.813
183.673
164.344
317.157
252.633
165.864
197.961
156.592
164.478
200.878
176.919
189.49
151.054
185.808
372.344
168.323
154.531
178.072
445.844
221.201
155.947
278.866
188.135
210.179
164.621
161.288
156.085
205.876
195.264
209.786
157.033
160.126
225.81
200.704
160.482
169.012
154.424
177.689
183.416
242.224
221.534
183.719
218.25
153.611
212.512
155.84
150.098
155.165
167.875
196.706
158.258
413.23
165.361
160.159
246.821
273.773
170.732
157.681
195.543
328.641
165.122
229.568
305.282
243.582
179.279
168.035
159.169
153.212
157.315
179.824
179.122
181.774
201.276
290.303
218.851
155.993
213.311
176.259
183.917
209.753
167.353
171.024
452.399
222.815
459.34
159.037
234.135
153.791
169.14
164.834
188.507
244.064
160.925
192.221
383.039
202.259
200.402
203.119
207.86
204.614
292.613
186.272
168.837
169.726
266.508
263.74
1597.02
186.224
191.207
215.755
186.906
173.749
205.594
154.338
151.768
337.04
183.952
163.457
160.403
198.108
204.268
150.92
382.68
169.249
160.52
170.859
453.849
167.794
256.932
153.594
205.457
152.818
193.061
161.32
173.888
405.551
172.645
155.508
284.762
152.06
166.06
168.999
206.347
188.977
325.636
172.189
163.475
446.052
151.908
163.775
544.875
171.737
226.515
156.388
190.835
184.599
184.665
372.013
218.35
217.393
233.677
247.09
268.877
170.763
187.101
203.285
203.256
227.045
163.526
317.025
169.828
155.001
199.943
187.102
161.942
189.02
157.824
174.927
150.354
225.877
197.427
425.518
201.766
160.761
157.709
162.886
173.594
272.101
170.955
192.11
223.471
187.65
155.343
159.194
152.398
198.738
440.618
161.391
165.619
173.302
166.029
167.347
229.682
304.522
375.537
168.9
237.728
162.079
324.552
163.337
167.063
176.168
214.279
249.074
150.658
189.096
162.21
200.441
240.163
168.654
290.207
193.286
157.179
371.865
191.429
246.134
182.833
155.391
186.783
176.186
177.057
175.691
172.227
308.395
200.104
172.63
166.565
165.699
220.102
157.386
226.623
175.562
150.587
212.566
150.144
386.317
167.025
153.186
170.774
157.646
170.011
181.838
174.695
193.121
258.414
239.728
154.62
169.074
153.625
151.542
252.064
227.282
153.336
168.553
156.29
159.095
231.088
174.212
180.133
204.596
225.256
176.628
248.733
151.706
175.03
218.744
150.652
215.244
184.781
166.774
162.106
318.078
151.421
275.443
195.965
180.344
161
233.916
213.674
173.412
154.665
221.846
194.8
182.633
252.053
164.491
172.667
157.092
157.038
192.398
245.151
299.304
158.188
239.578
225.06
288.233
216.069
356.705
191.611
160.59
171.893
157.692
179.098
266.295
162.431
160.384
176.848
229.011
203.047
158.956
174.159
172.552
168.921
177.281
484.526
156.374
152.831
171.988
181.977
186.221
261.75
151.238
220.214
161.507
182.969
150.633
417.7
151.091
155.34
160.811
167.016
171.355
514.528
157.144
419.332
234.629
188.528
162.893
452.48
249.721
163.977
172.869
157.02
200.271
177.121
169.84
193.715
215.815
265.694
176.841
171.192
211.135
161.488
176.722
300.912
257.545
208.537
193.086
380.411
159.007
207.317
252.266
186.373
154.805
151.797
183.557
156.962
172.783
197.061
154.368
323.245
160.839
196.191
195.49
152.828
183.006
150.733
157.096
306.723
153.586
181.159
302.775
199.703
176.179
186.266
168.168
202.087
179.265
272.378
166.322
164.82
155.177
280.096
173.173
153.487
190.597
247.774
212.057
188.742
178
245.116
210.861
202.613
173.986
168.739
220.374
156.106
363.678
158.551
152.84
447.326
220.509
167.441
162.071
202.178
158.435
328.199
163.382
229.859
229.124
368.081
211.384
155.891
157.037
562.289
172.629
162.093
169.641
659.228
207.801
193.06
161.153
151.354
485.027
309.389
252.447
226.205
221.573
158.22
469.613
159.136
150.643
188.403
192.622
157.966
521.959
157.406
215.613
190.492
222.811
202.817
157.043
189.882
159.684
151.225
231.333
179.473
168.711
243.568
173.892
175.562
187.462
269.338
194.985
231.472
150
336.169
271.439
233.106
157.346
178.103
170.237
262.129
339.83
160.656
152.481
210.381
152.051
183.203
223.918
179.364
161.682
394.718
209.021
159.63
163.945
222.399
156.364
179.373
163.766
176.459
155.018
200.674
152.408
213.903
304.304
152.641
176.806
434.865
154.379
186.954
313.843
228.098
156.346
184.734
243.339
165.15
213.306
585.079
161.112
150.313
189.861
154.744
167.41
220.224
201.858
393.568
327.31
173.908
181.386
154.794
172.336
206.258
162.399
215.238
183.056
178.072
229.817
150.643
152.59
192.702
277.935
195.298
201.509
159.243
150.363
154.78
276.091
167.639
184.826
240.063
218.543
168.866
178.034
352.594
169.509
162.079
273.394
152.104
181.987
176.045
151.821
186.346
163.582
153.069
193.774
216.819
192.821
212.591
153.057
328.824
236.119
237.792
230.892
383.478
246.845
325.888
229.929
155.267
197.583
333.55
165.249
151.703
267.094
256.518
202.886
233.453
171.642
207.109
323.017
334.44
198.015
153.699
459.263
180.177
169.638
164.943
171.759
156.525
216.435
153.675
232.351
177.813
154.228
215.518
296.467
257.097
210.913
219.223
230.716
202.541
173.638
165.292
246.919
164.138
179.047
152.771
202.382
241.314
246.411
163.045
153.672
176.765
172.958
438.914
222.135
184.453
162.01
160.091
154.151
186.393
245.417
212.119
158.755
164.598
280.681
399.79
221.463
156.094
253.814
224.322
152.519
199.535
155.809
241.566
184.211
177.891
155.645
179.423
202.065
152.204
199.416
292.373
191.782
195.478
165.047
263.278
153.662
222.544
169.888
480.271
151.759
154.03
154.296
154.196
185.818
211.369
179.716
150.303
224.063
169.113
226.835
166.512
198.925
257.348
174.171
166.982
162.916
212.457
150.725
188.329
353.17
300.632
250.079
233.971
170.281
331.181
163.501
181.335
196.58
214.897
181.889
162.661
384.152
243.265
197.102
161.377
354.041
190.566
176.48
207.303
155.501
173.937
416.754
192.394
174.898
161.619
217.226
157.545
178.823
153.745
194.215
205.963
446.046
217.055
212.423
329.392
153.047
156.999
175.243
211.693
205.747
218.822
154.073
257.535
216.083
173.015
165.087
157.963
187.238
152.706
166.671
176.28
299.708
192.901
153.116
157.357
487.77
368.061
187.186
178.08
154.742
159.378
152.729
251.173
152.897
180.732
163.271
340.954
271.954
164.234
220.272
152.351
157.301
168.304
192.934
199.089
171.17
155.819
197.32
165.226
158.573
161.396
163.753
251.468
161.413
165.525
212.83
170.405
210.054
203.434
151.054
265.192
169.282
152.91
161.069
215.133
263.616
368.15
182.709
151.375
165.337
210.264
159.873
162.714
156.023
176.202
187.8
152.427
207.531
198.162
191.275
212.451
166.871
208.385
209.563
180.339
206.833
246.655
151.725
165.601
261.335
204.337
386.436
158.547
218.522
153.473
168.043
169.188
211.552
197.219
150.841
262.222
211.28
150.401
204.254
232.44
202.268
152.133
221.292
211.287
153.003
157.291
150.614
163.767
215.059
186.554
164.452
205.692
157.305
152.408
380.59
168.135
431.488
156.274
170.392
165.693
182.362
211.772
202.04
156.586
182.944
154.004
173.312
294.362
150.051
170.49
223.269
162.736
203.303
253.734
168.729
241.031
154.493
266.609
153.981
155.004
195.11
195.673
562.307
167.122
208.645
234.007
263.436
173.91
204.888
422.577
185.024
226.414
244.712
520.059
162.57
362.562
231.718
168.579
172.461
244.361
217.192
234.865
164.948
180.108
162.254
153.109
300.429
167.489
285.401
168.177
151.449
163.594
159.378
157.068
312.783
261.977
154.676
159.873
150.547
220.591
225.872
161.074
164.489
291.028
188.357
197.977
160.09
295.75
161.508
167.171
153.596
291.203
197.864
298.001
212.219
161.092
179.06
190.235
175.797
282.991
463.949
170.129
239.298
480.424
226.738
167.649
173.415
174.26
216.452
172.577
208.642
348.269
156.836
193.687
155.951
166.619
191.248
228.424
182.058
462.126
306.502
243.276
186.879
167.228
180.06
201.161
200.207
152.74
208.464
151.57
160.063
164.594
181.863
254.714
403.65
189.866
834.318
199.275
158.847
163.42
395.598
182.727
288.208
224.142
156.796
376.899
164.796
177.434
164.942
167.677
205.414
181.469
155.949
252.774
214.168
234.657
160.595
252.873
200.618
193.021
189.3
166.341
177.051
171.586
224.12
197.124
187.285
217.9
151.385
206.927
163.467
372.665
155.407
482.06
222.939
157.443
160.71
169.9
260.04
153.462
170.61
340.763
166.775
219.992
192.627
233.224
242.341
163.343
178.33
160.193
205.356
157.62
165.74
288.797
173.624
300.063
252.538
252.656
161.47
155.548
189.939
240.013
158.472
179.323
163.963
180.82
760.488
177.372
211.226
201.685
277.7
169.125
199.5
156.598
203.781
178.553
150.502
154.635
157.574
150.305
193.307
316.949
155.553
153.396
152.105
254.235
151.95
205.352
151.756
193.181
319.186
163.932
160.467
156.91
188.768
172.231
166.828
205.946
166.618
272.793
209.577
153.903
251.076
154.562
163.189
166.863
164.148
158.417
171.95
209.602
210.938
195.62
333.303
259.576
175.278
157.551
173.405
188.528
205.223
197.276
185.622
221.179
220.094
153.361
194.735
152.84
359.159
222.395
157.166
192.633
159.876
308.414
344.545
174.382
171.356
162.235
152.616
175.452
172.709
195.145
195.149
186.556
194.055
168.001
181.678
195.66
680.273
219.606
159.032
220.997
152.177
211.336
202.216
152.685
507.201
180.436
269.332
202.289
219.693
161.278
184.313
206.389
180.774
168.446
262.904
176.093
178.28
303.311
155.723
198.704
192.302
150.8
164.123
497.454
203.011
733.6
275.849
238.067
230.219
242.24
176.108
167.602
155.932
163.528
153.536
197.751
195.321
154.172
218.424
158.746
522.183
176.264
152.492
157.393
354.547
225.156
156.877
253.358
340.904
167.899
160.964
281.941
209.015
217.766
178.869
154.986
340.322
197.181
224.483
164.202
150.504
247.546
152.686
205.382
158.09
396.224
238.28
164.861
237.37
169.434
182.119
256.541
165.291
176.107
160.675
172.575
152.626
197.849
775.405
161.071
208.232
271.1
215.748
158.969
163.373
162.14
154.613
335.924
181.386
172.031
186.688
156.534
216.328
197.566
527.958
179.289
159.19
207.84
340.441
160.079
182.105
167.636
344.518
169.717
204.352
164.905
253.003
199.977
286.713
174.037
180.539
512.202
1032.77
170.808
260.429
181.909
359.76
352.525
150.64
184.357
152.987
161.991
203.766
189.997
392.835
180.022
163.797
220.581
180.57
156.668
209.567
222.84
176.537
186.743
161.351
342.536
167.895
217.373
300.185
192.736
173.713
225.925
236.612
226.45
150.204
154.736
165.344
182.318
226.287
156.772
152.842
220.091
169.514
388.012
189.153
162.563
153.649
358.113
194.795
182.386
153.211
226.471
155.573
176.067
276.271
172.788
304.961
224.149
177.475
280.889
160.31
191.568
167.91
191.806
158.971
192.258
163.321
171.859
215.663
194.74
159.46
316.5
189.769
159.025
190.13
243.243
191.49
175.038
154.311
168.238
177.233
207.761
164.781
204.024
202.39
162.093
314.975
173.97
152.791
171.816
181.526
187.812
161.632
316.574
158.972
251.495
158.831
201.352
825.28
360.467
185.202
207.167
211.893
448.304
179.606
159.814
159.248
156.654
168.673
222.147
195.652
159.22
206.88
171.993
209.937
243.818
155.263
253.773
265.44
186.922
189.814
154.587
240.091
285.93
224.469
150.577
175.947
214.29
159.088
171.092
157.055
164.267
757.101
282.806
202.413
155.321
181.231
222.347
180.263
250.921
200.23
153.692
151.954
182.758
473.636
186.673
186.5
255.217
161.418
199.768
195.709
264.567
204.325
157.48
189.122
205.165
162.833
150.857
175.75
183.505
157.387
177.302
325.961
153.538
200.752
219.004
488.852
294.433
163.267
185.899
155.93
191.942
216.334
204.606
268.601
423.659
348.545
196.628
150.932
275.117
213.378
180.067
154.205
191.384
191.012
409.494
178.774
178.855
188.033
221.896
479.258
153.446
164.514
193.721
233.192
151.046
163.279
313.998
223.942
280.007
161.775
165.423
238.59
166.233
241.346
329.595
275.001
159.415
290.477
249.826
258.367
188.158
203.394
308.335
256.346
184.89
182.457
229.553
163.451
200.027
166.818
152.139
155.385
235.444
359.634
158.814
151.776
212.274
247.123
248.694
221.305
162.792
165.184
188.31
160.15
167.735
194.245
309.002
281.658
296.274
192.773
167.086
163.784
178.403
183.55
163.014
183.683
153.777
318.792
194.275
187.209
161.344
356.902
154.758
173.382
335.428
168.534
210.626
160.741
219.988
162.132
178.032
155.42
227.986
258.495
163.167
175.308
160.594
171.726
155.121
217.924
261.116
257.945
163.273
154.488
281.773
186.775
229.223
365.163
213.844
219.393
239.937
151.785
356.952
188.484
162.849
161.767
184.454
167.552
173.654
174.649
190.962
170.907
177.819
440.784
161.215
240.948
197.882
211.208
157.096
333.677
170.915
183.65
167.217
241.576
204.767
265.951
196.876
190.144
150.177
167.58
197.509
174.487
154.39
151.672
178.973
222.879
175.466
730.805
222.812
248.165
177.173
173.156
276.764
175.531
187.359
151.175
177.037
150.936
191.798
167.425
150.529
154
186.323
162.081
283.539
194.555
184.166
184.867
238.166
173.56
162.324
206.106
152.258
561.182
276.788
192.459
340.867
173.315
217.22
390.283
154.924
160.6
201.203
191.116
162.371
189.011
163.027
167.474
278.032
192.896
151.9
189.474
150.452
193.721
167.626
178.855
209.883
169.403
265.598
199.863
183.463
175.281
373.178
150.314
154.179
196.029
708.649
184.081
248.764
297.559
157.853
224.032
164.526
159.625
172.639
278.223
220.504
189.371
525.826
189.907
176.812
172.207
157.604
237.316
157.646
245.486
151.952
590.524
729.236
193.523
213.632
169.499
319.681
180.185
191.397
181.777
158.405
166.7
287.673
157.506
243.429
150.164
212.143
167.814
169.745
156.55
212.618
178.161
175.153
280.701
202.539
167.327
167.508
193.127
267.512
199.565
165.026
177.026
206.538
156.439
295.623
168.68
158.446
258.806
1423.83
168.493
154.329
161.346
160.425
183.585
173.834
167.998
254.108
186.991
155.363
246.058
268.661
157.547
196.682
198.742
242.097
203.951
156.019
177.133
185.197
194.67
539.739
346.916
152.886
207.179
245.47
210.56
242.682
260.421
190.004
170.372
163.587
402.408
158.563
158.42
196.846
361.432
195.535
151.572
210.561
216.263
157.245
212.868
168.981
223.264
198.1
154.204
156.766
161.735
154.533
208.948
164.297
161.955
206.955
365.005
179.162
196.471
152.257
154.276
167.565
344.718
160.247
151.455
155.66
153.271
169.638
156.329
176.543
163.251
339.643
158.646
204.305
284.131
259.309
152.352
169.818
349.452
356.588
156.61
177.842
353.604
166.309
390.623
217.178
415.656
209.487
200.577
164.467
204.038
269.589
179.5
201.126
164.357
188.556
214.879
168.624
292.202
199.512
175.585
282.028
150.463
198.747
198.4
300.623
189.304
291.001
384.705
197.612
252.232
160.525
218.936
181.328
522.573
186.361
264.455
156.075
278.972
171.432
157.406
176.276
150.416
207.088
155.902
199.969
179.407
340.648
175.124
221.904
173.111
212.019
159.136
283.491
188.913
165.984
155.407
323.022
161.648
231.135
176.671
341.035
184.277
274.98
287.068
203.738
175.553
212.811
174.482
155.066
207.595
233.33
150.317
150.787
152.637
399.158
188.165
182.692
164.572
244.581
167.18
164.209
210.738
162.35
208.113
288.295
155.365
252.69
172.486
150.425
157.493
163.442
155.84
151.229
266.678
244.52
184.713
159.58
200.826
198.247
199.441
203.924
178.721
183.729
200.011
199.552
169.222
158.051
254.791
535.553
181.202
151.623
164.859
774.756
168.299
162.139
151.5
191.966
151.468
155.681
160.113
190.114
209.64
188.122
154.429
200.429
175.141
193.786
151.228
155.72
172.38
152.751
162.512
187.674
158.579
463.196
187.135
257.259
156.491
178.296
217.617
152.037
235.67
172.404
294.267
156.235
216.791
185.963
212.67
837.851
188.38
174.183
157.335
198.046
240.577
166.588
181.776
205.836
159.661
154.137
152.329
181.955
175.614
227.594
162.873
178.566
213.855
159.022
154.299
239.994
209.952
174.68
303.941
234.844
160.61
347.922
237.52
156.919
235.966
282.037
194.213
240.433
161.476
258.037
202.022
197.564
254.585
156.193
223.263
637.292
162.661
247.109
156.591
158.629
184.075
158.853
163.277
174.512
440.974
173.167
237.392
307.607
206.794
203.887
191.888
154.464
185.774
316.138
194.769
248.422
161.36
439.296
184.331
208.098
279.545
157.766
196.078
163.58
158.751
165.038
208.095
158.814
164.83
209.59
196.672
1610
283.13
197.733
176.479
217.027
166.455
215.089
231.566
197.03
165.308
182.074
174.031
159.535
228.661
283.792
328.188
161.894
188.431
470.077
157.368
176.848
181.878
159.632
162.615
228.481
198.898
230.93
279.628
197.391
280.012
174.141
154.357
177.979
289.827
192.306
151.682
191.394
316.055
162.208
184.709
364.78
247.56
254.817
207.459
258.904
156.972
240.17
157.853
465.517
153.072
166.402
181.149
179.307
172.84
538.263
173.478
164.446
171.092
190.203
236.178
206.613
226.757
205.543
153.884
167.107
164.804
454.454
161.954
164.002
278.967
806.212
267.458
267.758
249.31
158.267
166.284
308.343
211.266
217.675
226.285
182.69
205.957
230.711
233.324
191.541
182.182
160.566
155.305
172.922
160.049
296.688
164.244
243.315
159.368
212.138
152.73
150.111
308.109
199.347
193.501
239.408
254.43
310.105
276.16
166.518
195.305
269.349
177.284
173.846
156.072
152.872
181.71
213.822
157.632
214.643
193.459
277.877
276.715
161.869
167.23
175.319
153.347
222.863
257.378
160.016
320.524
195.871
209.952
177.916
285.039
155.152
152.106
190.899
206.93
186.021
277.786
177.723
152.411
181.35
271.446
190.708
167.623
217.943
277.842
287.59
194.283
468.928
167.498
189.27
193.651
202.395
507.942
215.084
247.084
283.476
152.819
167.039
273.608
155.051
166.393
175.446
171.627
225.944
152.256
218.191
152.961
175.033
397.678
174.078
270.357
200.822
173.157
196.37
245.347
153.793
155.376
180.269
182.398
161.806
153.05
176.867
173.47
160.863
154.437
174.32
194.694
238.446
201.955
292.499
469.419
170.607
177.38
187.359
156.75
156.896
160.26
428.068
338.435
182.005
174.094
180.767
151.978
150.117
251.892
211.184
156.931
172.591
216.967
169.157
166.901
174.819
216.723
158.861
195.26
195.76
226.368
288.566
179.945
222.312
193.434
150.763
156.17
177.96
175.29
150.797
197.683
215.659
217.321
217.081
193.78
231.26
161.927
155.631
195.645
150.262
254.74
175.684
169.951
154.101
151.948
171.215
150.397
306.222
157.627
155.951
150.117
164.141
152.201
162.724
154.009
404.142
249.387
415.452
176.328
191.189
171.772
154.489
184.082
180.903
156.704
166.094
185.419
192.053
201.653
189.537
202.565
236.448
156.23
221.536
329.583
181.789
274.418
166.594
296.156
233.053
596.373
206.357
226.885
204.158
173.867
181.711
261.69
205.698
154.043
166.794
163.817
158.587
273.336
298.757
198.886
250.616
160.287
176.744
182.658
174.164
182.048
246.983
194.302
229.998
150.269
243.973
152.047
315.71
184.904
184.862
150.988
231
173.054
215.625
170.993
180.382
197.173
185.599
151.489
180.475
206.142
158.415
165.179
179.023
205.616
151.103
165.687
153.879
165.561
168.638
164.441
206.972
155.391
278.867
626.222
202.758
151.35
174.977
232.547
381.264
180.809
182.034
205.457
161.685
157.069
170.691
156.183
206.016
162.392
254.247
273.702
171.659
192.933
152.285
155.588
255.006
232.939
240.683
271.9
246.331
207.879
188.58
231.214
150.854
160.545
176.302
253.486
155.063
154.772
166.042
455.273
169.743
181.801
166.732
173.317
174.762
156.487
151.692
179.675
158.901
202.823
182.568
194.768
153.265
177.087
153.46
166.883
199.667
198.021
276.123
174.873
244.379
188.467
150.573
150.576
171.413
166.816
155.673
196.51
234.635
156.635
160.313
166.445
175.909
235.29
279.703
188.101
353.131
160.125
161.177
180.395
162.534
182.543
341.803
152.998
171.627
172.349
150.119
181.574
186.152
164.981
153.882
199.113
150.457
194.165
284.033
150.781
205.741
257.82
178.247
505.553
228.274
264.526
178.802
175.375
155.465
221.732
153.985
150.177
163.344
173.711
219.686
225.525
324.049
219.818
175.818
187.564
222.391
222.565
165.066
164.259
311.899
424.181
282.886
261.207
210.478
326.459
186.922
340.52
150.68
254.955
155.444
179.094
474.67
157.957
174.879
184.274
158.787
152.929
549.563
202.167
193.905
188.15
346.774
265.361
194.427
225.662
193.054
177.254
167.16
241.104
167.646
296.086
329.382
261.324
174.443
193.61
156.29
187.92
188.227
152.129
171.501
284.769
188.63
168.912
155.43
208.495
172.951
219.291
181.869
254.477
375.693
157.689
159.022
152.147
164.009
362.883
183.201
221.642
151.58
185.804
245.132
213.38
398.039
158.692
206.487
151.073
160.398
153.211
571.107
174.012
166.33
251.957
185.762
167.085
173.747
188.917
168.714
269.499
271.872
163.455
448.268
152.443
176.238
303.992
153.917
209.528
166.611
152.944
206.814
231.149
231.028
182.339
154.714
231.445
183.442
285.527
155.137
210.564
409.593
216.126
233.35
179.669
179.855
155.78
204.764
153.083
258.186
289.762
187.694
275.723
259.384
233.496
225.654
199.26
199.359
159.052
216.635
216.811
153.095
157.1
154.889
203.024
199.877
337.181
161.348
293.404
162.688
205.152
322.269
283.073
173.954
253.835
206.286
151.142
161.388
166.241
286.054
166.56
155.638
199.604
171.113
160.338
166.782
192.896
158.596
200.152
227.772
164.408
151.841
317.253
162.697
179.907
167.347
489.263
193.031
310.149
251.4
266.668
151.376
180.178
183.612
188.525
194.917
670.179
187.843
270.713
167.293
220.696
161.618
207.235
152.827
214.66
187.46
164.438
190.321
220.576
277.799
195.878
241.366
165.832
188.632
204.342
161.169
159.843
178.004
156.584
286.463
166.99
195.818
277.121
540.874
207.533
377.403
175.266
174.861
185.705
167.79
156.58
292.235
257.133
170.361
192.202
155.261
222.075
429.025
397.158
375.339
229.189
207.426
292.455
158.687
223.938
202.926
186.65
183.394
392.714
193.594
166.822
157.477
182.582
170.42
200.464
166.565
290.261
150.588
173.111
227.88
339.479
202.809
198.196
241.048
241.897
159.954
192.646
168.841
186.47
373.933
154.42
236.935
156.418
153.403
209.296
203.468
152.867
191.799
151.302
164.26
186.286
204.178
153.274
274.823
321.458
257.648
202.687
173.433
206.717
192.146
225.254
167.669
150.106
170.965
798.511
241.035
162.681
172.473
154.677
184.781
165.256
181.738
167.666
255.84
181.002
184.63
598.399
159.659
162.51
188.324
155.926
172.656
163.266
203.96
315.519
202.718
192.152
184.565
160.135
281.883
165.879
244.674
205.174
389.486
157.302
195.626
163.484
168.819
159.336
242.183
163.125
171.91
232.169
192.808
162.615
173.741
171.857
174.415
203.427
176.408
247.434
199.352
153.745
248.042
173.552
225.327
217.41
152.305
176.234
166.685
171.865
473.521
207.032
175.081
161.583
175.808
160.947
262.769
164.165
159.127
322.583
156.92
213.048
154.113
152.712
257.694
202.358
151.255
177.687
257.684
177.187
211.335
156.844
176.261
217.994
290.968
266.195
213.691
150.009
220.835
205.409
193.833
186.382
189.195
198.478
151.758
218.803
194.698
152.898
587.069
177.658
228.585
171.502
172.329
163.666
193.288
150.043
166.625
161.25
155.942
157.958
152.372
168.467
285.153
184.653
206.524
154.547
200.479
168.927
192.991
153.992
183.139
243.682
151.163
151.802
153.733
153.643
178.511
150.486
286.669
162.426
228.313
170.469
166.163
192.239
158.331
239.915
174.424
170.331
210.071
174.066
224.805
151.282
158.22
166.29
194.88
297.734
323.445
166.662
585.975
294.607
176.064
250.834
188.132
235.917
274.42
192.96
156.121
249.12
177.559
174.837
182.046
220.057
177.277
174.491
151.177
170.712
174.809
228.6
150.787
183.178
157.083
250.528
177.383
224.83
150.749
241.83
206.71
406.889
296.514
178.69
330.056
353.114
180.791
203.799
196.066
162.116
164.606
262.831
202.878
226.968
181.557
251.633
155.04
170.494
191.626
279.66
249.003
195.206
223.165
155.922
150.91
271.255
207.315
508.831
153.14
212.509
173.917
306.741
201.713
223.435
168.932
153.125
242.214
152.704
173.523
183.788
159.055
501.217
351.033
201.128
188.205
192.63
164.712
158.003
177.833
196.265
198.565
236.953
165.479
242.729
178.31
293.212
232.105
169.996
237.101
160.032
151.067
217.379
169.948
185.613
172.992
248.658
154.454
278.234
176.343
173.282
333.663
245.297
320.916
281.7
159.446
165.124
165.809
152.728
171.75
215.524
165.503
229.855
158.84
164.591
211.911
185.291
233.767
175.267
169.09
241.37
237.138
154.343
226.196
152.81
223.8
152.901
177.042
188.633
153.066
211.049
166.691
156.893
184.299
198.299
176.221
168.046
171.105
250.552
172.326
212.856
159.372
238.357
156.56
197.106
156.077
204.819
179.989
267.616
211.654
174.196
167.642
373.923
166.87
169.063
155.209
186.988
351.118
157.613
254.945
154.064
159.399
171.725
200.422
200.495
221.901
288.308
189.208
164.746
203.484
236.886
280.845
283.839
186.757
176.577
228.85
153.674
211.718
227.28
162.788
309.775
163.47
283.668
224.667
270.963
167.284
239.887
187.425
156.275
207.275
378.236
162.015
278.657
215.299
191.35
288.348
165.57
190.234
242.747
218.484
180.214
153.596
152.939
200.674
605.471
175.966
159.583
162.439
273.712
155.494
193.973
336.365
314.264
172.903
177.682
229.233
740.362
291.198
222.48
328.773
183.033
184.733
151.43
209.711
171.434
259.638
197.881
155.177
159.424
185.936
195.556
175.478
170.505
160.53
164.923
194.51
150.682
674.555
732.233
172.576
162.049
226.556
163.532
152.332
437.953
202.473
176.29
190.393
198.458
162.618
151.369
256.57
541.486
162.603
171.586
162.964
287.331
281.442
155.345
401.289
151.916
157.333
197.026
199.764
188.448
195.697
202.453
174.74
219.527
178.317
193.927
257.49
159.009
204.941
161.679
164.88
168.667
159.426
330.049
257.232
188.529
215.446
213.699
170.642
167.218
164.705
150.965
169.104
302.11
159.442
174.43
201.316
218.613
300.818
174.299
346.66
233.895
167.973
151.309
214.696
157.804
236.39
223.171
235.301
192.586
172.966
234.972
252.491
363.183
222.79
156.545
449.7
220.206
219.389
152.129
184.25
294.521
178.356
161.841
288.943
187.546
249.91
399.779
185.805
162.195
206.913
171.03
346.891
156.915
152.903
169.715
152.434
225.483
182.534
225.978
169.548
250.588
175.345
227.191
214.623
174.227
155.287
155.147
165.083
198.347
243.019
177.508
151.774
170.892
175.2
319.192
150.376
152.014
152.519
153.93
259.765
213.54
235.929
226.819
155.056
189.016
209.249
172.925
154.159
161.557
233.344
158.061
202.007
159.13
161.477
152.566
173.998
698.268
178.398
152.065
226.11
157.415
200.252
156.578
170.553
150.985
187.489
152.144
152.5
151.23
171.012
249.575
243.21
204.383
197.355
193.87
159.794
193.022
194.893
165.657
161.208
247.643
161.936
165.562
175.616
223.373
271.444
155.849
200.993
233.734
171.245
174.52
198.694
490.33
178.578
351.335
315.708
155.459
174.72
354.025
151.537
241.839
156.703
176.543
172.335
243.794
227.506
194.616
157.007
225.583
158.799
150.124
155.608
171.777
348.676
235.429
170.811
152.913
163.927
181.393
950.325
180.748
178.252
164.929
163.031
171.427
171.47
175.683
196.515
219.927
192.282
221.148
240.583
167.939
167.379
158.215
150.781
156.362
262.854
150.786
272.464
266.475
267.976
180.875
200.863
344.095
289.638
202.617
239.664
266.842
154.154
235.917
214.58
185.826
176.527
175.915
307.706
189.33
156.547
253.076
198.099
247.623
159.132
235.036
175.936
202.487
172.832
184.514
176.892
177.884
162.152
282.855
150.069
166.824
191.223
918.598
160.573
177.171
190.657
170.002
261.383
198.766
175.751
162.079
158.502
327.607
165.085
210.925
162.278
272.047
177.583
204.53
284.823
225.133
202.078
202.599
151.669
164.743
156.986
169.363
150.686
212.2
226.151
153.526
152.916
324.707
232.777
201.225
205.738
270.831
179.915
330.965
156.921
287.909
352.621
293.968
175.677
260.994
249.185
158.465
233.287
160.031
308.485
168.277
246.879
174.076
185.6
179.596
168.176
218.236
194.247
161.135
174.957
165.628
150.436
303.93
173.776
194.62
156.33
153.253
184.759
277.294
188.54
204.119
167.494
190.907
157.163
380.137
171.126
236.109
151.702
166.004
176.411
192.092
172.523
173.686
174.415
166.135
307.309
160.136
209.498
151.446
151.833
178.592
274.04
245.926
198.696
151.078
193.355
161.975
207.437
613.182
179.219
175.397
247.562
161.638
153.211
228.532
187.918
157.261
202.068
161.349
181.966
347.515
308.085
169.19
211.246
237.752
161.672
150.07
204.877
207.178
237.761
152.409
170.792
170.478
247.099
299.545
363.961
254.558
165.433
277.638
175.623
169.603
223.366
180.931
164.782
244.156
182.125
201.768
265.074
157.563
192.666
200.741
188.168
151.23
180.418
196.286
237.762
166.997
165.405
178.097
302.908
184.04
182.296
169.156
165.585
173.075
172.257
185.936
194.42
208.191
293.034
164.251
232.627
175.656
190.22
165.616
200.643
185.392
172.335
415.447
235.279
152.764
150.503
201.989
176.973
180.616
208.573
184.534
247.536
234.024
150.706
168.806
174.402
177.956
173.374
154.937
234.367
254.631
150.465
242.616
159.226
169.646
317.158
179.772
196.653
193.898
157.197
167.332
185.742
152.144
200.113
182.886
210.719
211.416
164.156
160.778
156.417
159.574
270.531
174.587
216.485
188.293
271.582
187.734
216.649
153.57
269.424
218.121
260.476
241.539
166.908
222.403
191.557
174.621
189.482
256.504
161.122
203.051
162.054
170.175
323.3
161.007
168.803
216.022
151.728
159.97
171.824
189.414
252.036
156.163
157.138
183.603
160.636
191.332
161.036
215.464
160.269
166.916
216.669
152.489
162.149
233.531
154.096
185.003
152.037
210.204
170.22
298.177
155.349
537.471
217.37
168.219
207.496
254.646
180.973
162.049
174.94
202.702
159.328
201.899
266.318
152.919
292.297
400.367
158.093
163.875
152.054
159.236
158.451
176.027
172.504
174.463
153.879
208.809
423.251
269.408
195.339
204.482
164.005
180.673
167.179
246.206
150.555
218.147
370.849
245.668
175.868
206.811
166.309
192.587
317.64
279.261
241.447
197.571
175.774
172.4
187.423
194.43
153.327
208.118
206.364
169.571
435.784
188.02
564.951
202.149
174.394
230.707
270.53
159.242
206.001
169.579
206.591
276.666
196.9
170.914
270.709
151.728
253.866
216.303
171.332
180.638
315.634
187.133
196.59
188.259
153.835
316.095
189.535
171.352
205.366
309.156
471.337
386.654
159.582
167.78
231.758
189.315
242.535
181.016
499.365
179.121
210.533
251.811
181.456
238.966
388.186
178.088
165.161
174.513
173.213
206.766
169.014
159.586
226.352
163.128
211.429
205.305
295.774
217.729
202.772
155.853
210.36
160.478
163.674
158.105
234.294
177.462
195.371
213.939
201.391
226.088
181.764
182.568
191.027
174.201
155.504
167.738
165.618
199.292
226.376
153.252
192.078
251.585
453.787
333.397
257.41
220.947
162.729
378.619
154.479
151.825
151.47
340.409
323.686
251.347
174.148
162.766
160.916
241.316
277.008
183.945
227.878
233.983
199.782
168.148
249.207
194.173
153.749
173.102
192.143
234.538
182.928
214.376
172.402
219.337
290.371
192.151
224.079
212.565
160.772
212.52
165.138
179.572
239.574
303.108
186.049
253.479
159.804
153.954
150.742
226.614
197.529
151.808
157.761
273.265
164.894
291.661
161.06
191.557
197.386
271.714
279.627
279.485
167.477
176.654
232.799
264.605
332.708
202.081
168.104
187.544
186.57
176.856
338.419
333.226
172.73
151.017
202.653
280.39
150.258
167.833
620.016
193.536
163.132
357.29
206.415
286.221
250.828
151.672
163.152
186.847
161.214
152.152
154.702
157.763
259.825
182.503
170.99
387.07
206.761
163.799
164.126
244.171
236.979
153.588
199.515
191.874
160.488
224.326
318.552
174.995
176.32
208.059
206.565
166.094
156.968
304.305
167.651
372.966
216.993
175.471
228.193
329.693
249.656
188.514
585.604
220.115
210.125
332.706
381.699
177.023
219.757
268.299
180.744
170.838
222.937
157.431
207.257
152.861
189.913
195.583
197.941
239.533
183.909
175.279
157.023
431.751
794.011
268.021
312.774
158.327
152.445
384.374
170.911
190.167
152.133
297.179
168.696
332.903
171.532
160.562
196.551
312.376
181.687
159.638
230.767
153.323
178.95
155.562
165.591
174.809
178.839
159.975
168.198
167.728
186.768
159.605
287.154
153.792
161.805
150.468
175.237
150.553
150.472
172.398
196.39
255.664
198.848
193.888
182.772
156.992
152.621
155.165
188.898
165.999
170.733
174.837
159.164
157.623
151.66
187.789
160.315
307.749
473.022
258.885
233.539
417.678
172.597
245.08
156.351
279.662
236.972
181.502
214.836
189.204
185.654
261.055
168.823
299.134
150.051
173.952
168.36
168.749
273.455
154.592
168.376
165.598
187.968
238.863
179.1
155.516
203.549
170.763
169.781
162.144
188.516
151.761
216.081
152.903
165.559
172.586
175.153
162.297
157.104
183.779
155.491
201.825
168.957
171.873
244.402
186.465
252.826
182.704
203.765
151.87
193.089
263.928
168.784
158.674
191.951
198.356
153.503
336.258
151.544
154.317
200.208
174.001
283.014
153.099
179.889
161.298
166.631
185.561
195.034
243.22
192.759
185.634
242.771
182.065
283.328
173.349
162.371
303.175
412.817
178.801
176.572
177.5
187.083
155.463
250.102
151.548
201.584
163.12
152.011
164.929
153.942
262.412
171.94
241.953
154.158
155.782
282.094
193.625
155.377
170.579
190.722
233.995
157.786
151.113
165.613
177.005
181.391
420.016
157.991
156.21
155.069
174.453
315.179
163.305
177.676
286.868
305.813
156.326
299.476
156.241
161.45
155.797
155.441
239.862
230.674
204.039
212.925
198.175
159.017
152.858
194.965
156.26
228.553
194.167
260.685
160.698
690.6
237.234
154.932
165.431
154.928
169.483
191.929
207.194
194.907
160.128
172.145
253.804
155.663
216.506
157.752
208.79
212.574
150.629
171.122
152.016
177.176
168.977
190.945
243.469
168.074
433.645
159.886
248.71
334.039
153.998
355.586
204.406
156.141
230.547
170.506
336.507
168.006
153.425
163.988
361.331
176.824
187.557
216.178
177.38
218.285
164.852
189.617
173.73
174.05
152.229
218.715
331.293
231.899
180.849
154.33
170.229
159.041
179.274
163.171
233.086
156.802
479.902
225.718
200.499
186.13
499.629
181.169
355.635
769.393
158.007
249.667
199.164
816.909
153.854
223.782
172.979
229.393
159.15
315.932
202.406
165.995
180.106
161.952
229.682
285.48
187.665
182.737
253.074
196.08
275.054
216.216
150.783
183.099
155.543
175.039
196.709
225.651
180.969
167.219
179.74
160.717
180.526
150.986
197.913
182.287
157.141
164.732
156.381
380.887
168.679
427.525
241.45
173.321
161.744
382.628
177.715
404.609
166.755
200.058
272.35
191.647
154.757
152.704
227.378
193.137
173.379
150.249
534.769
198.513
316.456
308.138
186.307
153.937
161.378
162.254
154.706
190.474
311.777
203.121
193.097
158.808
155.699
213.877
165.464
196.52
215.5
197.17
257.708
286.409
394.755
187.33
201.338
624.579
153.248
168.051
259.672
150.35
181.243
202.126
220.021
176.246
280.757
254.985
175.931
169.302
181.613
170.929
216.312
170.471
217.2
241.336
155.668
153.178
211.907
179.896
457.893
276.938
196.972
225.689
189.071
152.635
165.857
199.481
278.233
221.414
155.468
156.815
158.94
547.056
254.239
234.327
211.256
215.161
171.777
165.479
161.867
209.898
345.633
185.318
151.241
151.088
286.589
215.769
366.494
163.561
207.197
154.235
194.91
255.656
227.127
159.16
151.31
171.173
174.762
170.056
196.418
176.499
157.43
163.338
196.465
216.559
236.861
174.246
177.271
177.113
198.278
170.854
180.193
256.192
241.121
291.799
188.62
210.324
530.913
170.423
165.838
154.257
208.102
171.127
354.107
152.576
225.769
186.213
233.533
201.622
219.106
286.924
333.599
218.344
190.342
178.988
193.58
379.628
234.67
177.9
204.603
152.872
155.087
179.062
157.568
296.87
182.528
153.327
154.676
166.565
263.588
189.969
198.432
153.918
168.923
192.348
187.008
367.483
151.619
341.379
157.326
160.48
275.301
184.999
730.328
440.833
176.732
184.215
198.743
252.161
192.78
152.793
276.14
177.668
659.77
190.566
151.812
150.878
153.438
204.401
174.605
165.839
187.13
151.191
157.73
246.746
159.694
192.106
186.237
251.092
173.872
156.198
483.33
268.176
240.613
281.25
164.828
508.791
154.187
157.146
152.071
164.357
186.994
208.595
153.227
166.407
152.963
184.402
302.88
206.041
211.222
172.782
322.791
426.993
159.68
155.003
153.839
191.689
153.215
182.169
161.259
152.927
207.16
162.819
321.439
180.491
151.079
185.868
262.222
201.84
174.905
170.204
190.529
201.823
211.137
268.317
170.973
164.314
209.338
152.114
155.057
201.681
166.904
156.838
173.709
176.14
283.76
150.245
164.202
181.773
156.5
164.245
168.834
168.456
168.464
177.942
175.172
263.382
193.61
203.654
173.99
154.055
210.874
195.54
153.804
234.007
194.843
176.841
161.668
162.101
271.851
226.611
773.336
427.587
175.118
174.014
177.472
379.599
156.558
204.57
198.094
269.891
210.705
395.55
203.003
177.16
179.887
193.012
150.4
223.052
208.851
167.908
173.382
156.966
228.464
178.994
227.446
178.626
200.733
289.372
155.397
186.812
322.215
167.465
238.92
157.638
234.648
212.446
475.815
151.653
214.269
320.959
154.718
152.715
281.748
274.909
345.026
403.662
154.778
181.499
210.433
152.703
255.15
483.226
191.664
227.775
150.111
271.841
167.531
205.86
239.003
248.915
171.011
212.802
183.846
162.975
167.349
428.664
157.486
168.312
389.063
174.297
172.364
187.238
162.009
154.505
204.816
161.192
152.641
190.552
160.004
163.383
159.017
162.381
163.328
327.697
188.786
154.785
167.592
251.952
163.196
355.902
174.285
196.498
184.857
201.623
422.682
164.882
254.631
158.668
203.82
224.353
328.335
154.459
212.038
188.097
186.284
172.081
193.977
880.57
193.449
177.719
180.874
260.524
213.077
448.744
301.342
175.586
161.445
202.918
159.737
320.48
211.081
197.537
168.891
267.896
150.774
221.408
167.009
205.24
240.934
240.436
155.201
200.236
215.191
206.866
150.993
233.008
179.49
272.891
212.474
158.061
176.554
181.73
292.418
259.896
264.533
167.278
306.465
234.896
196.107
175.848
182.327
276.231
170.803
292.169
683.49
364.504
179.522
178.936
272.157
219.893
153.28
157.218
250.281
159.126
159.678
163.391
185.11
224.207
156.217
183.064
187.897
161.841
170.415
176.547
152.639
316.025
193.045
154.131
223.483
173.602
167.496
169.613
199.936
159.695
166.405
181.825
201.453
262.187
219.796
277.757
170.247
224.453
176.167
167.771
237.077
247.769
159.595
201.842
191.999
172.596
168.176
151.044
168.09
163.777
176.992
162.7
190.38
160.652
173.128
180.889
184.339
241.59
166.276
152.708
434.139
157.422
204.573
168.217
169.33
176.16
220.56
248.104
170.284
161.432
189.05
190.852
171.574
240.586
151.857
314.017
157.389
171.156
337.327
150.277
177.679
245.4
155.734
164.846
160.481
170.157
376.681
264.278
181.238
174.143
202.921
164.822
180.465
175.486
153.219
176.103
161.485
162.958
182.587
156.619
156.909
441.074
173.722
206.808
205.318
1164.03
216.213
226.05
179.683
214.627
244.385
191.337
392.123
259.552
247.681
245.986
173.818
170.47
340.802
263.257
201.321
180.362
206.749
334.857
169.463
290.624
169.115
154.037
266.104
221.913
153.122
226.199
174.077
160.883
259.026
203.012
373.387
215.586
155.074
227.178
191.776
160.999
235.316
167.881
253.757
151.478
306.317
152.946
224.509
184.202
171.04
220.136
245.753
176.312
260.346
170.564
271.582
161.134
154.411
769.384
174.158
161.214
157.466
160.548
226.723
172.186
228.099
256.102
203.331
152.437
227.901
166.219
176.832
189.35
288.252
246.887
182.998
287.459
154.725
260.072
330.617
174.259
329.272
153.071
169.049
152.569
326.144
232.412
157.076
325.047
408.003
302.664
191.266
182.524
211.094
304.449
193.345
249.516
211.655
170.676
189.016
150.252
269.448
157.673
159.446
196.833
253.114
244.73
179.608
268.084
181.091
187.911
162.573
218.499
173.148
161.284
185.613
159.4
154.806
227.65
431.759
188.209
178.745
154.329
151.861
187.546
153.093
182.638
151.144
150.417
151.328
260.444
192.798
179.52
351.443
154.468
185.988
371.32
163.536
156.835
162.522
190.714
234.149
154.792
169.104
186.743
150.734
186.337
151.249
212.305
488.448
167.064
193.631
197.924
155.849
262.372
193.585
186.223
180.802
191.791
162.056
286.357
289.422
160.946
164.948
174.58
185.431
184.528
221.177
264.383
164.431
177.733
314.429
180.467
152.796
241.172
202.577
185.854
169.007
204.364
159.124
165.321
169.451
150.859
156.514
159.175
214.948
208.662
165.308
164.607
156.518
158.175
163.533
157.469
161.171
308.488
251.752
205.541
173.045
469.433
238.176
155.798
180.598
297.943
184.986
196.941
165.614
177.286
295.789
267.504
184.49
180.296
151.702
210.33
211.593
155.266
217.445
325.061
204.91
168.875
156.388
159.558
178.455
210.642
151.03
179.879
153.613
152.833
333.515
161.586
286.125
165.964
233.842
213.146
257.389
217.896
174.734
154.435
198.544
219.025
157.039
191.466
151.331
189.905
233.822
315.431
224.594
156.925
165.899
171.48
214.575
723.469
408.892
174.794
287.718
192.336
325.711
275.827
650.141
165.042
172.42
171.742
162.8
182.732
161.027
262.275
257.541
224.555
170.411
213.193
188.793
209.488
159.965
162.035
198.951
231.042
405.342
174.037
170.202
173.688
179.07
165.101
202.2
175.002
265.354
307.003
179.247
231.346
193.687
177.468
202.242
217.677
196.918
194.429
209.028
185.296
239.996
227.788
170.424
178.69
159.895
236.478
155.278
159.173
188.09
240.116
209.509
176.513
152.032
169.571
161.797
620.989
167.789
271.985
153.587
158.856
192.934
167.418
152.05
166.831
165.868
172.845
205.762
169.627
157.192
194.909
233.508
206.677
240.831
163.117
188.105
213.88
167.397
185.982
426.156
331.195
156.33
259.66
376.42
170.034
228.146
151.651
185.123
163.366
652.064
217.721
205.9
170.386
175.83
161.537
176.415
157.99
268.483
188.649
170.766
178.979
360.799
162.277
169.307
259.513
465.218
212.839
295.096
155.171
230.235
152.334
155.359
588.183
247.75
198.133
313.29
170.653
244.331
193.686
233.997
160.32
159.642
270.09
314.839
189.22
196.274
242.368
152.147
153.669
184.885
200.727
165.396
225.066
206.47
184.07
161.642
245.54
185.267
360.444
155.7
224.29
185.055
283.911
364.882
253.084
195.069
168.909
154.125
218.305
158.714
342.304
154.778
241.945
150.155
223.234
195.705
171.363
206.674
185.449
207.173
162.43
271.942
177.941
234.338
183.797
189.686
166.605
153.474
211.346
166.629
187.308
260.856
417.141
159.022
176.699
303.605
159.274
229.395
158.537
174.544
170.962
204.724
159.532
157.227
171.291
167.004
198.09
247.573
167.792
267.045
170.336
190.391
228.933
212.777
174.667
278.742
151.091
204.146
162.023
163.012
185.505
167.346
186.221
177.012
158.206
170.018
168.052
178.412
198.038
264.309
223.487
190.273
154.882
273.136
529.805
150.424
156.29
411.513
162.931
155.534
191.14
151.704
153.347
340.927
219.577
168.104
179.655
418.688
169.328
175.263
172.76
153.044
231.022
203.253
153.033
152.492
152.527
158.251
261.203
184.835
159.334
162.762
159.903
187.737
177.691
237.512
331.857
193.279
168.083
172.098
197.981
155.88
230.129
152.106
167.305
240.179
151.08
158.408
219.029
170.984
270.09
151.947
276.875
259.398
158.201
314.035
466.442
216.769
177.874
167.639
173.456
192.327
151.006
164.415
289.702
165.929
220.277
165.341
260.708
180.906
199.209
162.203
150.883
155.133
366.694
244.841
150.338
180.655
182.902
321.304
224.969
203.483
169.534
169.646
153.252
267.869
157.164
340.665
226.239
219.669
165.586
186.82
156.477
193.168
211.109
226.391
171.27
168.771
232.802
160.574
198.072
150.595
194.845
177.989
179.275
177.826
170.267
280.936
192.488
156.046
152.753
234.2
224.047
154.439
228.061
249.993
244.288
219.781
438.486
258.682
319.201
217.699
169.746
164.784
241.972
204.572
206.098
177.25
212.295
232.378
303.221
205.144
152.72
301.062
157.265
615.657
157.407
280.965
183.804
157.985
272.991
179.633
178.879
168.301
217.917
156.355
472.194
172.636
310.521
323.061
275.421
150.576
207.252
300.372
168.132
229.536
156.587
160.497
184.258
213.943
169.373
225.448
277.321
174.549
200.685
216.794
166.26
152.673
250.861
173.251
158.563
242.247
207.858
154.991
153.746
178.614
232.754
501.073
197.242
158.042
159.788
151.971
167.789
174.626
174.352
207.491
219.508
226.3
181.846
157.634
169.284
165.554
180.411
169.877
193.94
215.153
245.77
201.633
216.293
342.892
175.132
235.742
154.956
217.039
186.783
196.487
150.265
156.445
186.027
230.288
160.854
189.117
209.254
219.093
226.603
150.797
289.451
185.371
173.911
223.343
171.889
153.469
242.814
279.552
198.653
158.521
204.671
186.238
321.955
158.69
168.43
164.252
164.027
185.58
241.785
291.553
156.206
187.474
172.284
174.471
198.16
185.182
181.784
160.314
193.031
189.101
199.084
192.343
154.255
283.123
298.01
208.104
161.237
150.988
194.114
156.072
189.932
397.105
163.826
166.867
258.132
302.288
159.126
150.175
188.66
268.049
182.724
160.001
172.882
250.37
167.764
302.43
336.942
206.559
188.009
170.471
174.713
154.43
199.687
168.629
210.875
188.944
210.745
210.29
167.688
175.68
188.284
244.81
197.973
536.95
158.637
235.476
193.594
295.412
170.762
172.172
151.17
157.671
184.88
163.158
169.158
194.364
151.139
154.556
156.262
156.187
161.156
157.445
421.257
164.726
178.421
171.258
221.558
203.607
186.205
203.62
157.668
309.405
161.231
264.374
348.859
178.828
176.348
209.07
150.874
223.587
155.941
189.56
225.826
177.881
153.033
291.319
162.376
203.665
151.112
183.865
164.691
334.406
153.726
161.146
224.31
303.203
281.237
153.479
255.445
421.416
155.733
202.118
309.225
181.272
321.171
177.859
219.063
216.396
154.897
187.203
181.483
164.14
173.141
183.574
213.709
196.682
258.26
452.997
329.763
223.162
208.294
242.285
162.126
166.439
386.71
164.089
185.356
233.93
218.892
217.683
177.495
150.855
250.449
238.887
242.946
220.236
180.328
178.451
212.948
228.935
558.744
150.968
170.707
151.796
198.879
254.889
162.991
152.881
157.182
157.973
284.791
187.38
179.169
186.594
160.707
189.627
170.345
207.065
384.097
181.667
151.519
175.077
151.482
218.554
166.546
213.579
221.74
196.481
195.421
189.954
177.671
152.765
218.961
155.048
165.376
249.942
161.881
159.153
162.65
160.775
200.475
185.883
157.225
167.715
226.166
165.19
174.406
170.931
151.703
328.197
252.515
153.329
234.893
235.993
152.827
157.586
183.953
207.932
176.881
275.022
215.036
154.42
206.868
176.448
158.116
160.94
222.826
274.381
212.065
194.296
394.433
176.461
181.543
195.952
336.878
175.407
166.642
152.684
193.994
150.406
439.631
156.257
176.925
181.124
158.167
224.497
214.32
203.442
258.207
190.475
340.647
151.282
193.849
166.792
381.671
223.612
170.889
157.704
248.754
159.79
162.917
176.631
227.002
155.711
275.557
219.136
153.001
266.173
221.604
198.212
214.977
158.085
207.908
244.33
169.291
194.419
165.246
181.628
220.668
268.49
184.482
236.787
171.857
536.742
169.145
241.647
168.85
174.786
289.433
179.919
208.86
217.049
224.363
222.095
233.703
221.712
263.686
195.538
248.075
187.993
187.11
163.21
177.037
225.093
167.635
155.637
224.556
166.205
153.147
150.288
176.451
192.833
184.398
170.089
158.231
155.866
189.763
199.313
267.77
248.326
200.9
170.389
220.305
183.752
350.682
175.763
152.273
168.185
202.533
169.069
202.365
174.04
218.711
171.317
179.858
209.776
175.976
217.15
156.324
168.711
661.193
199.875
152.163
233.576
184.561
198.2
186.264
158.98
195.425
151.972
150.279
183.507
259.995
164.545
275.701
210.851
186.388
153.977
563.001
213.936
219.358
169.744
170.46
159.601
153.81
190.31
191.076
189.676
153.545
215.178
155.46
358.231
200.144
242.956
156.88
164.802
184.489
150.178
385.074
172.467
342.141
288.876
167.588
232.192
151.32
178.98
154.504
154.685
186.007
168.618
158.395
474.922
162.121
229.675
155.033
440.942
180.959
197.582
152.177
164.658
202.405
156.503
173.146
257.388
151.522
171.858
180.042
152.81
151.523
167.897
177.99
164.313
415.287
154.317
163.75
152.306
174.065
321.521
378.75
210.669
169.439
152.285
151.417
173.267
157.7
253.321
153.303
201.788
593.486
276.578
162.191
176.393
197.812
150.551
180.563
193.378
182.52
236.693
172.253
208.346
329.376
156.487
157.379
307.501
166.431
187.406
160.58
171.378
217.73
212.693
153.155
203.799
198.107
177.823
184.761
157.519
155.529
184.01
194.302
166.551
205.327
197.747
198.299
332.588
200.974
283.244
256.92
369.533
168.146
186.178
262.523
202.95
162.477
159.596
157.822
151.186
159.921
261.898
157.187
419.885
165.909
199.254
270.598
163.127
164.879
226.95
161.481
714.34
169.36
191.164
193.239
152.274
228.241
158.724
180.285
227.845
218.136
180.915
162.542
198.996
330.226
153.774
161.456
214.459
364.485
166.752
164.693
225.675
719.559
159.555
229.087
441.471
176.836
179.923
173.412
151.941
162.997
251.447
190.86
171.248
286.894
219.493
184.447
323.791
155.579
239.846
165.439
161.525
193.613
371.636
263.146
265.279
156.893
415.573
153.759
504.129
172.943
306.34
168.678
238.026
166.197
229.075
152.191
694.182
150.084
173.535
214.404
185.358
150.953
265.975
219.498
280.269
349.429
309.748
247.238
153.227
155.098
192.685
151.278
215.425
274.443
182.561
576.279
197.619
154.749
221.121
224.458
187.708
180.269
205.672
153.164
239.896
306.571
185.634
160.667
150.653
193.538
161.973
221.512
422.535
163.145
176.864
237.626
160.089
294.957
176.3
170.974
255.176
169.412
179.335
150.643
217.15
153.843
250.732
164.141
152.249
161.63
171.268
155.652
151.737
258.692
210.914
191.763
181.253
240.951
210.115
208.605
212.727
179.438
260.224
151.075
211.774
166.064
331.664
187.028
605.141
169.086
487.016
164.114
162.36
268.607
154.362
178.609
300.551
156.509
192.698
288.429
260.799
154.803
160.621
169.046
184.481
209.095
153.495
157.867
160.593
171.952
186.324
175.105
176.12
212.189
191.256
236.076
238.732
154.545
210.379
244.955
216.718
161.289
262.086
211.539
221.058
199.761
196.108
170.509
199.111
179.384
237.059
191.074
267.638
151.279
285.741
164.371
306.339
324.967
187.174
189.145
155.953
196.959
178.802
162.865
189.475
151.383
426.357
152.429
158.353
190.947
179.001
195.363
206.725
164.599
153.398
157.066
192.163
173.417
731.288
152.708
166.637
151.348
212.783
180.47
258.153
201.407
239.844
242.358
201.753
238.493
181.143
210.051
188.211
214.786
204.79
307.977
166.045
272.117
156.175
300.453
168.414
156.402
170.873
158.019
165.952
276.421
161.09
194.399
158.363
208.832
1109.46
172.048
174.967
317.335
356.871
223.622
253.934
262.904
179.547
386.208
217.177
151.819
222.02
197.425
155.514
170.356
189.788
165.483
258.089
161.407
162.408
164.55
214.261
153.278
207.534
153.287
215.094
239.349
423.706
150.979
213.09
192.585
150.749
226.745
241.514
181.333
185.759
247.332
260.397
371.421
187.231
232.598
276.202
248.811
164.253
212.971
176.305
161.306
214.576
153.537
155.604
155.813
187.688
333.93
178.529
210.418
160.513
378.4
150.542
150.798
175.854
150.074
205.312
165.792
208.716
228.748
214.226
245.238
168.948
160.598
192.606
345.515
172.711
179.727
186.788
152.575
181.221
211.642
270.078
282.272
185.002
161.224
306.389
210.287
152.553
238.266
172.552
189.277
152.123
203.453
176.862
310.796
218.987
161.594
314.249
257.99
178.269
150.644
180.526
154.437
154.703
567.905
167.193
253.124
171.699
323.486
159.226
153.01
214.755
160.208
245.906
155.381
272.123
315.865
260.75
206.862
340.129
219.409
175.635
151.846
159.102
155.649
151.261
158.3
153.217
150.618
192.734
174.949
199.355
185.153
150.881
183.421
163.928
281.531
153.442
273.344
420.742
202.371
177.309
255.297
270.871
386.572
168.98
172.734
165.54
156.645
246.452
229.172
161.611
362.69
181.997
150.875
171.442
190.284
175.737
168.709
254.961
212.107
364.493
183.39
194.976
376.733
158.673
169.627
212.243
161.007
748.693
158.942
157.328
256.129
150.794
152.114
243.976
176.745
269.529
236.436
233.268
152.855
431.511
173.333
163.521
166.245
154.834
189.454
214.295
180.031
270.631
276.364
177.534
151.653
188.912
163.766
164.006
155.59
210.768
194.15
157.323
177.11
152.103
188.821
228.342
155.552
192.289
153.756
165.953
164.867
152.832
176.623
208.074
158.693
285.283
158.554
150.62
182.788
220.245
188.323
174.633
