151.703
300.336
176.695
176.243
588.603
201.428
165.819
158.043
254.497
154.47
193.283
226.083
238.145
172.304
216.69
202.227
176.105
258.227
807.584
205.862
231.713
153.988
475.926
203.622
202.02
299.455
166.754
473.856
151.504
185.732
261.383
174.707
173.239
184.18
358.064
159.368
273.01
198.782
270.18
185.928
185.549
314.293
204.544
156.251
167.639
170.482
194.366
163.771
459.018
433.614
295.636
226.635
197.865
172.422
164.639
163.232
291.562
175.539
150.759
295.233
174.772
352.734
209.847
186.468
156.195
208.926
375.577
209.717
202.542
156.313
192.745
575.798
160.995
205.079
152.789
256.476
358.618
455.314
186.245
275.601
174.129
179.611
186.045
152.169
235.927
751.422
205.53
158.65
368.381
171.276
224.222
162.161
226.563
216.394
172.048
157.964
285.733
341.524
177.592
883.154
162.104
183.537
283.768
249.176
176.516
202.802
255.267
213.102
180.266
215.848
216.471
158.376
224.49
202.585
270.052
151.534
153.699
154.873
356.252
404.391
198.587
233.711
190.023
200.614
173.123
179.033
349.412
524.087
220.464
168.552
248.519
165.048
155.025
265.807
320.65
229.767
203.468
222.772
157.959
224.101
194.922
154.755
183.731
179.016
378.607
527.682
406.964
168.693
223.497
189.783
161.336
259.102
246.759
266.656
453.933
261.454
179.138
174.378
158.705
181.772
221.741
257.924
229.639
164.64
225.309
269.918
226.834
407.345
193.02
181.984
208.925
178.887
264.069
151.604
162.362
176.272
166.532
320.613
870.878
497.44
544.121
196.174
220.428
199.086
167.23
185.184
178.207
336.309
171.521
225.179
150.047
248.182
170.874
475.752
189.514
160.589
294.238
151.947
245.989
193.995
157.471
209.719
379.958
175.131
471.921
156.068
192.405
701.225
193.945
294.805
345.096
154.603
152.117
155.935
296.464
326.115
166.956
190.007
166.816
328.637
213.55
208.06
248.402
255.169
588.292
228.264
214.172
255.211
209.438
152.902
151.564
171.351
207.311
172.198
282.074
211.823
158.974
191.212
182.948
162.524
189.827
197.778
151.294
201.809
205.151
238.543
186.071
266.652
183.888
160.084
485.952
164.476
175.767
165.9
153.403
169.068
239.103
190.611
267.081
204.491
357.605
313.012
319.863
307.412
157.099
161.519
153.735
352.979
217.29
407.562
168.448
425.999
168.749
279.582
288.397
175.548
298.626
150.006
171.396
242.427
338.552
151.538
359.865
227.138
213.763
194.554
158.507
172.903
177.405
181.901
159.281
153.717
280.405
199.571
228.292
381.742
229.298
161.272
160.383
505.263
152.35
216.695
188.412
151.614
202.636
254.472
220.574
170.914
253.299
428.446
188.153
167.418
153.749
193.28
202.96
150.652
306.499
273.943
497.45
151.557
182.975
340.041
193.53
163.035
258.374
347.955
171.008
192.617
153.327
259.717
174.978
213.811
211.84
225.743
192.322
159.25
160.48
231.7
161.585
230.99
176.443
166.64
177.729
180.258
312.727
159.906
208.129
214.416
226.132
251.113
254.882
420.763
190.78
174.929
177.013
212.373
269.737
316.215
193.256
159.767
189.873
337.906
169.384
280.192
255.35
150.395
217.204
275.723
313.85
251.547
186.55
150.728
223.541
234.207
335.737
156.095
161.879
260.976
337.893
210.679
173.59
247.821
154.615
157.89
184.435
233.566
165.617
204.711
227.147
300.048
154.645
226.674
155.585
425.988
204.36
206.686
186.751
351.288
383.525
172.487
285.813
164.975
198.501
168.916
285.883
168.294
346.732
205.378
289.031
212.908
152.113
346.77
225.876
202.741
155.295
200.944
154.368
220.171
260.48
227.494
228.489
245.152
232.205
155.838
184.605
227.853
168.146
173.071
280.937
150.886
205.893
233.162
669.6
199.275
168.917
187.222
203.49
196.863
237.783
166.15
169.775
206.391
301.79
249.401
202.24
150.914
158.456
213.059
354.455
170.656
160.002
176.421
151.282
261.54
196.518
156.089
266.178
220.318
167.116
154.128
154.668
416.311
154.61
335.465
210.956
221.2
219.95
155.418
154.623
188.361
598.727
272.656
233.65
192.836
166.977
189.148
230.862
221.718
632.624
189.127
170.269
189.06
175.244
227.968
255.734
163.209
505.069
175.448
168.213
179.543
252.307
282.269
221.297
268.461
321.226
158.492
174.615
201.03
251.22
151.452
548.24
302.997
212.764
202.977
196.512
222.819
153.585
359.092
321.319
189.575
452.649
186.663
368.482
150.819
270.477
221.371
235.179
186.235
177.922
266.878
170.968
155.875
269.334
316.246
173.302
345.795
174.121
173.52
255.384
181.385
219.808
155.524
180.519
159.537
217.509
240.816
210.809
190.218
158.862
236.082
203.94
159.621
244.819
183.825
198.064
305.628
211.608
175.916
196.954
226.723
288.596
151.284
185.817
210.759
208.996
173.749
157.363
157.966
186.039
224.542
174.062
184.711
194.65
798.499
186.809
166.678
151.913
155.076
152.011
581.186
207.773
175.464
195.915
230.022
154.123
155.885
187.101
215.734
180.364
187.415
174.338
212.939
198.988
223.24
244.392
182.242
188.618
311.185
238.143
218.477
181.348
184.829
219.762
540.2
216.196
184.875
170.59
150.539
215.433
169.278
175.076
315.812
228.453
159.806
266.038
230.4
202.458
156.079
395.875
200.624
503.912
163.721
214.073
201.712
160.022
174.531
238.935
359.42
306.217
178.912
273.248
204.194
267.252
157.166
168.993
208.136
159.448
217.766
233.638
159.625
243.543
169.659
306.852
336.533
172.897
176.94
267.222
152.631
247.235
183.259
492.742
150.883
622.892
208.024
175.672
242.066
347.288
248.948
223.177
183.47
473.088
279.908
179.547
189.662
234.432
164.738
163.143
164.862
727.713
268.538
178.882
258.716
393.122
249.082
263.129
196.419
667.329
233.646
207.539
234.257
213.494
256.948
150.816
181.764
255.981
263.076
271.565
166.793
305.519
183.85
184.657
193.577
196.299
165.234
162.122
177.695
175.024
171.154
162.564
206.303
289.645
206.264
174.912
271.412
205.003
242.087
334.144
246.356
159.584
365.335
175.414
173.266
271.028
154.372
163.301
299.718
221.975
213.639
176.797
499.588
174.847
218.031
173.322
199.865
228.185
225.63
210.711
266.915
175.765
197.631
496.651
157.565
468.157
194.794
192.503
168.866
223.016
153.973
200.92
281.552
174.306
174.013
262.245
217.719
397.366
263.701
207.156
150.053
306.013
185.264
183.111
194.087
372.289
174.334
222.482
328.268
349.843
183.852
154.329
284.664
215.495
153.233
150.781
473.484
175.961
150.504
176.341
389.174
191.055
180.13
199.697
372.031
228.325
215.818
169.312
306.009
195.06
665.394
254.689
186.56
342.833
311.203
915.911
226.578
234.963
435.375
163.104
275.177
170.168
150.592
191.721
269.897
185.915
194.524
159.763
610
208.437
182.395
251.242
218.654
328.373
176.522
437.464
220.184
213.267
152.063
218.092
308.638
290.408
209.635
180.085
202.829
270.664
180.765
245.376
155.675
405.358
373.821
252.831
165.013
241.134
160.425
152.882
259.915
280.833
181.594
155.666
352.321
267.149
190.2
151.423
151.516
534.73
636.33
176.35
288.802
166.395
170.917
162.306
196.493
168.285
227.326
211.178
162.913
160.193
154.145
269.108
162.291
170.261
443.809
150.048
158.599
188.564
236.882
221.895
233.541
163.743
202.792
184.3
155.359
197.783
180.265
210.283
169.356
153.397
192.245
157.949
191.596
210.494
173.86
209.007
213.51
183.439
157.17
315.928
222.447
520.181
266.318
435.163
203.507
255.11
312.683
182.656
245.718
193.276
243.166
202.527
194.822
199.875
182.48
418.894
181.084
182.038
177.613
180.281
252.833
187.612
262.792
294.683
213.067
159.2
399.191
163.755
179.747
173.455
258.978
268.858
153.533
352.057
425.648
168.274
208.044
154.367
172.965
413.027
171.268
198.897
160.097
216.367
155.192
266.841
189.209
170.965
196.73
729.519
195.677
383.689
227.044
193.74
266.243
666.162
178.614
216.926
451.771
203.099
195.234
192.584
524.58
199.006
183.226
155.761
338.775
203.3
161.811
345.227
208.649
266.784
194.394
298.244
401.386
280.452
175.104
156.4
370.918
152.435
336.985
162.949
184.273
267.987
157.507
220.569
266.217
166.67
302.417
202.192
156.788
189.894
156.328
155.768
418.886
245.959
695.343
261.547
183.301
280.359
274.346
185.978
250.876
222.046
152.09
206.247
263.775
275.086
351.351
199.012
232.5
155.087
650.005
280.516
255.199
424.203
206.129
271.9
191.868
190.206
154.815
184.894
228.992
166.875
174.69
218.845
286.955
208.56
273.639
231.887
157.795
249.669
183.066
197.139
152.757
151.246
188.73
168.014
189.586
256.077
255.546
298.89
266.344
224.16
244.506
179.581
158.342
220.992
153.427
151.919
218.274
217.213
293.389
330.855
323.233
155.881
338.579
311.154
214.714
178.7
221.687
254.136
225.532
234.253
269.371
206.629
266.139
582.369
182.325
321.889
195.406
250.634
178.933
168.636
169.919
560.402
236
216.236
237.067
182.181
257.877
152.138
168.65
352.704
209.777
173.14
189.481
443.171
197.849
209.208
601.821
232.343
175.177
311.505
182.921
327.579
303.634
151.262
350.666
211.196
417.718
242.124
150.652
272.417
366.637
170.658
191.674
335.625
242.793
157.458
175.058
219.709
223.144
155.987
493.197
494.454
513.633
371.889
150.341
253.025
185.319
263.99
279.522
464.154
187.476
194.223
474.499
215.488
167.689
227.572
197.963
155.267
517.403
183.612
183.907
300.599
164.909
188.905
197.896
154.859
211.228
610.202
165.738
172.874
186.393
197.152
368.212
151.411
153.961
172.284
221.122
211.976
293.12
363.419
213.668
172.282
915.968
697.555
258.674
283.696
168.392
151.631
402.305
510.541
449.325
152.458
372.675
206.869
164.349
333.448
196.216
287.334
204.753
167.464
219.883
178.023
170.88
163.44
260.836
166.139
199.491
200.868
221.093
156.064
181.278
162.581
224.4
168.309
197.129
249.869
160.852
307.154
235.374
204.985
212.664
185.656
194.865
409.301
340.988
224.73
355.409
233.81
385.916
175.534
282.707
199.176
194.974
396.935
237.973
217.901
153.497
177.031
195.523
170.91
197.334
219.1
283.827
196.355
188.836
331.8
290.926
151.191
153.216
250.493
156.745
534.639
159.963
456.987
158.713
207.586
210.453
218.266
361.93
216.192
181.643
195.483
184.172
241.087
167.918
254.548
178.232
151.595
184.676
193.698
348.677
180.034
219.888
156.703
184.103
376.445
241.626
199.37
179.007
202.849
1639.14
170.527
235.714
157.832
208.29
180.074
196.957
169.446
176.089
249.763
196.613
314.188
357.853
153.896
166.354
161.793
150.375
343.781
180.683
185.941
197.646
173.714
154.715
150.518
259.66
159.76
156.885
232.55
213.647
281.766
209.448
252.485
422.29
210.383
176.419
215.18
152.949
177.657
269.161
158.714
169.385
168.839
155.643
241.096
252.62
207.849
246.787
158.546
164.356
248.788
192.804
159.046
161.833
183.24
154.596
230.877
488.082
197.143
173.741
162.912
619.986
266.427
193.932
263.45
282.802
226.847
227.368
266.843
181.964
218.038
201.803
895.998
157.258
234.961
236.628
211.171
190.461
160.079
210.849
281.341
286.271
188.951
231.577
181.678
184.74
214.315
196.84
191.527
153.931
179.115
172.207
187.024
320.583
514.659
203.463
208.893
302.644
165.575
291.864
153.291
157.278
423.676
150.348
177.246
152.987
187.721
152.993
164.781
322.413
173.045
237.697
180.986
213.779
183.459
180.268
200.883
474.878
186.637
158.587
225.815
204.143
179.304
206.118
156.594
286
762.462
362.992
184.271
186.202
183.686
153.381
181.486
187.078
163.883
181.166
155.1
187.219
167.612
686.3
635.611
199.689
191.072
189.785
179.177
192.757
161.175
190.173
199.232
488.887
154.142
323.297
218.186
253.895
198.525
189.136
188.42
166.765
161.373
236.297
202.845
255.611
153.925
637.899
194.57
205.367
307.28
273.104
191.068
248.661
178.771
201.291
150.956
158.414
246.399
241.276
305.975
159.262
155.941
205.649
152.199
170.783
160.155
241.197
194.647
201.504
161.737
153.018
271.61
462.088
155.102
238.034
345.105
157.039
162.095
183.511
168.894
157.711
262.894
241.79
294.124
160.837
197.629
156.256
259.625
215.591
240.59
175.137
202.541
202.831
310.95
358.606
191.527
180.202
225.147
226.699
264.155
367.842
171.599
330.569
151.299
291.024
155.693
404.447
383.672
275.837
156.156
150.605
237.769
169.576
277.938
282.852
256.123
597.867
184.708
258.549
156.713
158.419
151.158
235.789
190.095
199.73
244.114
230.646
191.821
255.483
258.192
167.558
214.54
162.031
676.351
317.456
343.875
331.783
192.497
201.821
338.114
409.067
179.234
179.374
241.029
244.268
192.758
334.637
172.887
218.881
186.395
230.112
180.533
354.532
253.192
215.103
239.002
222.599
242.557
349.572
236.878
164.177
205.411
170.495
180.111
167.323
246.896
167.941
394.076
220.757
164.299
168.527
301.285
208.811
327.39
519.218
180
239.456
310.549
332.849
180.543
387.87
170.208
228.135
191.2
219.399
205.544
201.746
788.883
183.912
168.891
494.115
155.192
286.623
640.822
319.229
174.502
202.138
372.584
261.242
177.488
164.075
551.562
347.275
220.929
177.089
151.778
162.384
313.865
239.167
155.443
158.503
337.969
200.96
170.004
171.054
170.622
309.824
282.939
267.34
166.526
343.204
182.427
211.291
218.832
159.186
181.911
206.185
151.055
220.941
177.253
267.112
308.584
272.836
293.623
169.213
301.243
167.161
154.55
194.316
338.063
212.662
177.537
256.771
180.563
181.782
229.512
160.567
190.802
191.379
337.886
218.17
218.592
261.779
168.503
411.04
182.349
202.704
239.418
188.304
172.482
240.523
278.478
178.463
176.928
211.225
205.634
205.419
384.501
218.825
208.993
173.926
172.505
158.532
234.419
226.856
340.596
210.977
174.117
316.317
458.232
150.046
169.2
240.811
235.662
163.695
174.849
155.53
176.874
185.017
616.518
183.788
735.365
236.067
215.976
169.886
208.753
449.16
382.502
417.251
245.849
282.276
236.373
273.292
416.024
173.984
267.521
273.793
208.433
165.089
151.83
485.322
220.311
264.445
155
242.013
476.03
286.646
182.581
276.243
158.75
515.869
176.211
161.615
196.887
200.387
296.644
491.548
257.994
264.547
200.541
919.059
171.412
823.749
171.686
232.978
209.466
155.803
226.908
301.85
164.797
219.997
270.635
169.618
357.691
161.124
166.079
184.013
185.731
185.548
165.458
162.74
157.973
236.128
168.475
461.976
226.338
195.159
208.832
168.873
180.197
244.615
190.653
156.537
152.394
427.926
152.944
163.604
242.333
316.178
259.701
202.848
293.583
272.502
226.312
182.098
190.227
228.573
182.745
322.142
169.191
160.151
284.241
630.365
251.097
158.862
183.557
190.291
527.718
181.15
234.652
186.492
263.281
319.428
487.411
196.185
237.2
455.727
208.075
213.577
770.747
178.946
285.615
160.663
154.284
231.897
195.453
190.781
244.908
545.774
210.229
177.449
178.565
167.564
273.771
165.634
294.381
221.739
269.676
205.884
255.193
614.271
220.666
176.286
226.579
152.832
232.984
234.856
158.378
214.178
435.507
175.874
316.653
159.162
155.633
223.721
180.386
195.559
174.559
528.332
157.904
157.557
156.024
250.765
195.23
158.112
219.538
301.261
164.982
489.451
181.042
298.768
155.753
188.959
169.848
192.574
180.212
192.346
289.91
206.443
236.472
214.381
363.605
316.985
170.189
229.551
174.012
236.384
158.826
178.841
215.241
155.4
251.53
193.3
350.009
995.169
218.783
151.323
202.778
222.134
160.293
254.685
189.839
313.544
212.629
168.525
237.574
178.238
282.523
243.949
176.234
328.438
186.25
178.65
153.386
160.435
188.707
153.132
250.603
185.432
178.426
217.963
154.888
208.326
340.751
202.405
340.418
317.096
240.513
167.936
232.757
150.431
172.566
323.815
186.906
151.803
173.231
235.759
262.088
154.056
213.407
153.647
157.119
166.277
196.231
192.887
255.583
161.145
277.231
213.059
163.671
440.416
635.169
331.978
223.809
273.832
285.025
164.638
192.148
355.221
152.846
317.145
155.355
173.561
230.723
213.227
247.846
177.299
150.307
150.134
161.72
204.286
180.832
241.999
229.587
161.727
667.72
308.329
293.579
343.899
162.083
212.324
163.627
262.4
176.291
400.005
168.442
238.348
179.264
563.073
329.56
291.147
245.685
491.276
155.968
254.75
227.362
233.021
255.36
234.261
195.827
154.38
230.134
151.853
155.081
346.863
186.638
237.596
180.462
368.039
150.507
243.046
198.25
150.646
160.898
192.109
182.49
190.226
180.685
167.27
321.674
197.097
195.672
251.341
202.23
212.655
433.87
191.766
190.556
274.542
200.055
365.626
224.48
195.756
160.737
517.71
340.264
189.437
380.113
166.261
207.504
215.514
207.521
155.934
169.598
222.818
328.006
168.924
199.928
216.446
381.718
223.146
217.183
154.935
270.715
275.537
187.394
156.579
212.523
151.721
169.024
183.673
164.344
202.698
317.157
252.633
165.864
197.961
156.592
164.478
200.878
201.926
176.919
300.406
189.49
151.054
255.558
185.808
372.344
376.57
168.323
154.531
178.072
419.741
445.844
215.524
181.72
281.343
221.201
155.947
278.866
188.135
210.179
164.621
161.288
156.085
205.876
173.255
195.264
209.786
163.6
157.033
433.677
160.126
268.792
225.81
200.704
185.97
160.482
169.012
154.424
177.689
170.656
183.416
242.224
221.534
183.719
218.25
153.611
212.512
155.84
150.098
155.165
167.875
215.266
196.706
158.258
413.23
165.361
160.159
246.821
288.392
219.601
373.502
273.773
170.732
157.681
195.543
328.641
165.122
229.568
305.282
243.582
179.279
168.035
159.169
184.632
179.824
179.122
181.774
201.276
203.572
157.724
370.478
284.046
290.303
218.851
155.993
223.007
213.311
176.259
183.917
209.753
167.353
372.414
171.024
452.399
274.601
927.256
222.815
459.34
159.037
234.135
202.202
153.791
169.14
164.834
188.507
244.064
160.925
192.221
383.039
316.991
202.259
200.402
203.119
207.86
204.614
240.494
292.613
218.997
186.272
307.696
214.719
168.837
169.726
266.508
253.822
263.74
1597.02
244.961
577.589
186.224
191.207
215.755
186.906
173.749
205.594
154.338
239.692
151.768
549.745
337.04
183.952
357.714
543.551
163.457
420.417
198.108
204.268
150.92
382.68
374.018
169.249
160.52
170.859
202.176
453.849
167.794
202.49
256.932
179.558
174.193
205.457
152.818
193.061
263.362
161.32
648.388
222.315
173.888
405.551
172.645
248.434
155.508
284.762
152.06
297.03
166.06
168.999
206.347
462.141
188.977
325.636
172.189
163.475
446.052
228.568
151.908
163.775
544.875
171.737
226.515
156.388
190.835
256.105
184.599
184.665
372.013
218.35
217.393
233.677
258.289
247.09
268.877
467.353
170.763
266.224
187.101
203.285
203.256
227.045
335.417
203.167
287.937
163.526
317.025
155.001
199.943
187.102
161.942
189.02
336.085
157.824
225.877
197.427
425.518
201.766
185.014
162.886
173.594
272.101
170.955
192.11
223.471
187.65
317.984
159.194
152.398
198.738
167.443
242.748
440.618
161.391
165.619
173.302
229.682
304.522
325.576
375.537
168.9
237.728
162.079
316.897
389.084
324.552
163.337
167.063
176.168
233.95
214.279
249.074
150.658
189.096
162.21
200.441
280.687
403.572
189.6
240.163
168.654
290.207
193.286
167.701
210.473
408.583
371.865
191.429
239.52
246.134
182.833
319.485
239.519
186.783
176.186
177.057
172.227
308.395
200.104
172.63
166.565
165.699
220.102
157.386
226.623
756.981
175.562
212.566
386.317
167.025
153.186
170.774
157.646
170.011
540.326
193.042
181.838
174.695
193.121
258.414
239.728
226.066
263.234
301.836
154.62
169.074
153.625
252.064
260.653
194.981
227.282
153.336
168.553
156.29
313.532
187.029
231.088
174.212
180.133
204.596
231.183
253.076
225.256
176.628
227.477
202.897
248.733
151.706
205.91
199.229
175.03
980.833
218.744
150.652
215.244
184.781
318.187
180.175
266.629
166.774
283.81
399.265
162.106
363.331
306.004
318.078
151.421
275.443
195.965
180.344
198.412
262.294
243.126
233.916
213.674
173.412
154.665
221.846
194.8
182.633
330.212
252.053
164.491
172.667
157.092
157.038
192.398
198.3
245.151
299.304
239.578
225.06
288.233
216.069
248.714
356.705
191.611
827.698
160.59
292.284
171.893
201.136
157.692
179.098
266.295
162.431
519.505
160.384
176.848
295.356
229.011
203.047
172.552
168.921
177.281
484.526
156.374
167.072
152.831
171.988
181.977
186.221
261.75
151.238
220.214
219.915
161.507
182.969
150.633
417.7
151.091
155.34
160.811
167.016
171.355
514.528
157.144
419.332
234.629
188.528
179.359
162.893
452.48
249.721
274.872
163.977
172.869
157.02
184.092
191.237
200.271
292.077
177.121
169.84
193.715
215.815
265.694
176.841
171.192
211.135
161.488
176.722
391.262
300.912
257.545
208.537
223.548
193.086
151.249
380.411
159.007
207.317
320.856
252.266
286.559
186.373
245.238
154.805
151.797
183.557
172.783
197.061
178
435.594
154.368
323.245
160.839
196.191
195.49
152.828
183.006
150.733
231.534
157.096
306.723
181.159
176.584
302.775
184.818
348.523
199.703
176.179
186.266
214.692
209.136
168.168
202.087
296.529
235.507
179.265
272.378
166.322
164.82
155.177
280.096
173.173
317.416
190.597
156.372
247.774
212.057
255.176
155.003
188.742
178
245.116
210.861
213.924
202.613
173.986
220.374
201.992
197.503
363.678
158.551
152.84
447.326
220.509
167.441
248.897
202.178
164.252
158.435
328.199
163.382
202.219
229.859
223.448
433.626
229.124
276.355
368.081
211.384
155.891
157.037
562.289
297.752
172.629
413.005
193.314
158.902
178.272
290.142
301.928
162.093
659.228
207.801
193.06
161.153
151.354
485.027
162.551
206.495
309.389
210.791
252.447
226.205
221.573
158.22
469.613
159.136
150.643
188.403
192.622
192.594
157.966
185.597
521.959
157.243
215.613
190.492
222.811
202.817
157.043
172.17
189.882
159.684
231.333
179.473
282.642
168.711
276.354
243.568
173.892
175.562
187.462
269.338
194.985
231.472
150
1153.25
336.169
271.439
233.106
157.346
178.103
262.129
336.354
228.459
233.53
339.83
152.481
210.381
152.051
183.203
211.514
223.918
179.364
161.682
238.84
396.615
394.718
209.021
159.63
212.215
222.399
156.364
422.995
179.373
163.766
176.459
200.674
152.408
213.903
304.304
152.641
176.806
434.865
154.379
186.954
239.649
313.843
251.117
228.098
156.346
184.734
243.339
165.15
213.306
245.193
585.079
295.689
189.861
154.744
167.41
220.224
311.162
459.798
507.504
201.858
393.568
327.31
173.908
181.386
154.794
172.336
206.258
162.399
215.238
236.41
209.436
183.056
178.072
229.817
150.643
152.59
184.472
192.702
277.935
357.71
291.15
195.298
201.509
150.363
210.998
436.852
276.091
226.155
167.639
184.826
240.063
218.543
168.866
178.034
352.594
169.509
273.394
239.922
181.987
176.045
186.346
163.582
153.069
193.774
216.819
192.821
212.591
153.057
328.824
236.119
237.792
230.892
204.672
258.363
383.478
246.845
198.427
325.888
229.929
197.583
262.408
220.765
333.55
253.049
165.249
151.703
267.094
647.065
256.518
202.886
187.541
233.453
171.642
207.109
285.272
323.017
334.44
165.822
1384.07
198.015
153.699
459.263
258.597
180.177
169.638
311.486
164.943
171.759
271.177
156.525
216.435
232.351
177.813
154.228
330.292
215.518
296.467
300.925
257.097
210.913
219.223
230.716
202.541
173.638
186.575
165.292
246.919
164.138
179.047
152.771
202.382
241.314
264.54
246.411
163.045
153.672
246.275
176.765
200.825
199.952
538.212
567.87
367.447
297.845
172.958
438.914
222.135
216.141
184.453
225.722
160.091
220.867
421.445
186.393
245.417
212.119
158.755
156.574
164.598
280.681
399.79
221.463
156.094
253.814
224.322
340.296
152.519
199.535
315.109
155.809
290.441
271.456
241.566
245.433
219.181
184.211
177.891
261.736
155.645
233.52
179.423
453.049
202.065
152.204
199.416
151.239
292.373
191.782
195.478
236.666
310.732
276.917
263.278
222.544
169.888
480.271
297.671
154.03
198.466
154.296
154.196
185.818
211.369
179.716
150.303
258.891
224.063
169.113
226.835
166.512
198.925
257.348
174.171
166.982
162.916
212.457
150.725
188.329
353.17
300.632
286.744
250.079
255.818
233.971
170.281
331.181
438.628
163.501
181.335
196.58
214.897
181.889
310.069
160.237
162.661
384.152
243.265
173.057
197.102
161.377
354.041
190.566
176.48
207.303
155.501
173.937
416.754
178.969
192.394
174.898
151.012
161.619
209.17
217.226
157.545
178.823
153.745
238.117
194.215
205.963
446.046
217.055
212.423
329.392
153.047
254.885
156.999
175.243
211.693
205.747
218.822
154.073
257.535
216.083
211.427
173.015
224.978
308.814
515.216
165.087
157.963
187.238
152.706
220.962
166.671
176.28
299.708
267.753
192.901
153.116
157.357
487.77
368.061
187.186
178.08
238.354
154.742
159.378
152.729
251.173
152.897
180.732
163.271
340.954
271.954
164.234
220.272
152.351
157.301
171.465
168.304
192.934
199.089
209.704
248.926
155.819
360.654
302.204
197.32
166.913
165.226
158.573
161.396
163.753
251.468
161.413
165.525
212.83
251.536
170.405
210.054
162.083
203.434
265.192
169.282
152.91
246.077
215.133
263.616
368.15
182.709
151.375
165.337
210.264
162.714
540.754
418.711
156.023
176.202
187.8
207.531
198.162
191.275
212.451
166.871
208.385
209.563
180.339
580.173
206.833
246.655
165.601
261.335
204.337
516.116
386.436
158.547
218.522
153.473
168.043
169.188
211.552
197.219
150.841
262.222
307.773
211.28
150.401
204.254
401.172
232.44
288.614
202.268
152.133
221.292
211.287
153.003
150.614
163.767
616.46
197.982
215.059
186.554
318.249
164.452
205.692
157.305
152.408
380.59
431.488
156.274
367.433
165.693
182.362
253.14
211.772
202.04
182.583
269.755
156.586
182.944
154.004
173.312
294.362
150.051
170.49
171.851
223.269
314.4
162.736
307.681
203.303
253.734
168.729
241.031
192.277
266.609
212.381
167.886
155.004
195.11
195.673
562.307
167.122
208.645
234.007
263.436
367.687
173.91
204.888
351.376
422.577
185.024
342.583
246.81
226.414
202.51
244.712
520.059
162.57
274.171
362.562
231.718
168.579
377.987
172.461
244.361
180.196
217.192
234.865
164.948
180.108
162.254
153.109
300.429
191.491
167.489
285.401
200.461
168.177
181.197
330.999
151.449
163.594
159.378
157.068
231.863
289.709
266.316
245.508
312.783
261.977
250.698
154.676
159.873
229.808
220.591
250.691
219.822
225.872
233.856
161.074
164.489
291.028
396.75
188.357
197.977
295.75
161.508
219.072
219.017
167.171
291.203
499.37
197.864
298.001
212.219
161.092
179.06
222.98
190.235
175.797
282.991
463.949
239.298
480.424
226.738
167.649
173.415
174.26
216.452
172.577
208.642
348.269
256.061
156.836
342.482
193.687
166.619
402.68
224.104
191.248
210.276
491.324
228.424
182.058
462.126
306.502
243.276
175.323
186.879
167.228
180.06
219.113
201.161
545.15
200.207
240.197
152.74
208.464
284.812
419.878
176.062
160.063
164.594
181.863
254.714
422.874
403.65
189.866
394.936
834.318
199.275
158.847
163.42
395.598
182.727
288.208
224.142
507.669
156.796
376.899
177.434
164.942
167.677
205.414
336.127
389.917
278.268
247.472
181.469
155.949
178.345
252.774
455.115
367.12
214.168
234.657
160.595
252.873
200.618
575.026
193.021
189.3
177.051
224.12
197.124
187.285
217.9
151.385
206.927
163.467
575.577
372.665
187.407
155.407
482.06
222.939
157.443
152.086
338.022
160.71
169.9
260.04
153.462
170.61
209.322
340.763
166.775
219.992
192.627
165.738
233.224
241.768
242.341
169.246
195.465
163.343
178.33
160.193
205.356
313.618
157.62
165.74
288.797
204.422
173.624
300.063
252.538
252.656
161.47
201.546
155.548
189.939
207.641
240.013
179.323
163.963
180.82
760.488
177.372
211.226
211.999
290.377
201.685
277.7
169.125
232.256
199.5
203.781
178.553
268.647
150.502
218.064
154.635
157.574
150.305
193.307
316.949
334.425
310.693
167.172
153.396
152.105
215.135
254.235
151.95
205.352
151.756
193.181
319.186
757.823
163.932
160.467
156.91
264.969
206.755
188.768
172.231
166.828
205.946
166.618
272.793
209.577
153.903
251.076
154.562
232.756
163.189
166.863
164.148
158.417
171.95
290.205
197.273
209.602
210.938
195.62
333.303
384.503
259.576
213.923
284.49
175.278
157.551
173.405
188.528
205.223
197.276
185.622
221.179
220.094
194.735
152.84
359.159
222.395
157.166
192.633
159.876
308.414
344.545
174.382
171.356
162.235
152.616
175.452
172.709
195.145
320.18
195.149
186.556
194.055
168.001
181.678
195.66
680.273
219.606
159.032
521.153
245.838
220.997
152.177
297.458
211.336
202.216
152.685
507.201
180.436
432.587
332.328
269.332
229.585
202.289
219.693
161.278
184.313
206.389
180.774
168.446
262.904
176.093
161.031
178.28
303.311
310.957
155.723
198.704
192.302
164.123
497.454
203.011
733.6
275.849
238.067
350.972
230.219
242.24
176.108
167.602
155.932
190.035
280.796
163.528
288.938
153.536
166.826
241.163
197.751
195.321
154.172
206.19
287.61
348.481
218.424
158.746
228.752
185.84
259.391
522.183
176.264
258.211
354.547
225.156
308.194
156.877
253.358
194.853
340.904
167.899
160.964
281.941
422.984
209.015
245.816
217.766
178.869
154.986
340.322
197.181
224.483
164.202
150.504
272.615
247.546
434.157
152.686
334.192
205.382
158.09
396.224
238.28
237.37
169.434
182.119
256.541
298.175
165.291
176.107
160.675
177.687
172.575
218.119
152.626
335.838
197.849
775.405
200.033
161.071
263.337
190.751
208.232
271.1
215.748
292.613
158.969
188.334
163.373
162.14
154.613
185.428
335.924
210.034
181.386
172.031
186.688
216.328
197.566
527.958
368.439
179.289
161.851
182.738
159.19
207.885
244.777
207.84
340.441
182.105
344.518
279.866
169.717
191.237
204.352
360.541
253.003
196.258
199.977
286.713
174.037
180.539
401.291
238.625
512.202
1032.77
170.808
260.429
177.754
181.909
180.722
359.76
352.525
279.943
150.64
276.506
184.357
152.987
161.991
203.766
189.997
359.485
392.835
180.022
163.797
220.581
451.791
441.781
180.57
267.432
213.361
156.668
209.567
203.352
190.114
222.84
176.537
186.743
180.052
182.67
439.204
354.823
229.001
342.536
167.895
217.373
300.185
192.736
531.319
173.713
225.925
539.797
236.612
226.45
150.204
165.344
182.318
158.022
226.287
373.197
152.842
220.091
284.068
694.018
420.931
169.514
388.012
189.153
831.989
162.563
358.113
522.751
194.795
182.386
153.211
226.471
165.953
276.271
174.856
238.454
255.983
172.788
304.961
224.149
177.475
280.889
160.31
191.568
167.91
191.806
158.971
192.258
163.321
171.859
215.663
153.246
194.74
556.182
159.46
316.5
189.769
159.025
190.13
243.243
191.49
185.946
212.2
219.391
181.79
208.582
175.038
154.311
168.238
177.233
207.761
164.781
204.024
202.39
162.093
314.975
173.97
152.791
171.816
362.476
313.136
181.526
180.564
187.812
161.632
316.574
298.636
210.539
312.87
394.099
158.972
366.857
251.495
158.831
201.352
825.28
360.467
185.202
207.167
211.893
448.304
341.201
179.606
237.308
250.517
159.814
159.248
203.318
156.654
168.673
222.147
195.652
353.022
206.88
171.993
196.082
215.725
209.937
243.818
155.263
331.896
253.773
212.187
265.44
186.922
189.814
275.669
154.587
240.091
229.083
285.93
224.469
201.414
251.935
175.947
214.29
159.088
171.092
172.525
201.089
164.267
757.101
282.806
219.831
202.413
396.896
258.585
155.321
181.231
273.963
222.347
180.263
250.921
200.23
337.571
153.692
151.954
182.758
473.636
186.673
186.5
255.217
161.418
190.282
199.768
195.709
264.567
375.731
204.325
157.48
357.113
189.122
159.402
348.944
298.373
205.165
237.603
253.053
374.673
175.75
183.505
157.387
177.302
325.961
153.538
200.752
219.004
296.18
325.841
488.852
502.832
294.433
163.267
185.899
310.15
155.93
195.056
191.942
216.334
193.821
221.341
204.606
268.601
423.659
266.143
348.545
196.628
150.932
275.117
213.378
187.756
180.067
154.205
191.384
165.53
191.012
409.494
178.774
178.855
188.033
221.896
479.258
289.491
153.446
164.514
193.721
233.192
163.279
226.648
251.477
313.998
223.942
280.007
165.423
238.59
166.233
241.346
270.777
329.595
275.001
159.415
290.477
249.826
299.161
258.367
188.158
203.394
308.335
256.346
184.89
182.457
203.069
341.859
229.553
163.451
200.027
166.818
339.342
155.385
312.003
235.444
359.634
165.704
158.814
237.722
151.776
212.274
247.123
248.694
221.305
162.792
377.852
165.184
527.957
188.31
238.863
160.15
167.735
194.245
309.002
281.658
296.274
192.773
167.086
163.784
331.343
178.403
183.55
270.936
710.237
346.499
249.525
255.459
183.683
261.498
153.777
195.298
647.321
318.792
225.972
1114.06
194.275
208.914
187.209
161.344
356.902
154.758
173.382
335.428
168.534
210.626
219.988
215.243
162.132
178.032
155.42
182.254
227.986
258.495
175.308
160.594
246.333
171.726
217.924
261.116
357.537
257.945
182.635
315.885
154.488
281.773
186.775
348.506
229.223
365.163
213.844
219.393
239.937
151.785
222.753
237.379
356.952
188.484
259.326
184.454
173.654
174.649
190.962
170.907
177.819
440.784
218.57
161.215
240.948
197.882
211.208
157.096
333.677
170.915
403.672
183.65
167.217
241.576
232.007
204.767
265.951
196.876
198.262
247.8
247.584
190.144
150.177
275.172
167.58
197.509
154.39
151.672
178.973
222.879
260.629
175.466
730.805
222.812
248.165
293.245
177.173
173.156
276.764
175.531
187.359
151.175
150.936
233.76
354.588
191.798
167.425
357.573
154
186.323
271.459
283.539
194.555
184.166
184.867
335.551
238.166
173.56
170.055
162.324
228.389
187.911
206.106
152.258
311.971
528.625
285.099
561.182
276.788
192.459
227.461
196.564
340.867
173.315
217.22
390.283
154.924
160.6
201.203
191.116
258.333
162.371
189.011
372.468
167.474
278.032
375.853
192.896
428.077
151.9
189.474
150.452
193.721
299.536
167.626
178.855
209.883
169.403
265.598
199.863
317.943
183.463
175.281
373.178
659.442
154.179
196.029
708.649
254.229
184.081
281.112
248.764
292.418
341.582
297.559
221
157.853
224.032
164.526
159.625
172.639
278.223
220.504
189.371
525.826
189.907
176.812
172.207
176.777
624.95
157.604
237.316
157.646
245.486
151.952
590.524
729.236
193.523
213.632
169.499
319.681
180.185
191.397
223.18
323.667
181.777
158.405
166.7
287.673
408.76
157.506
196.834
243.429
150.164
212.143
167.814
169.745
156.55
212.618
178.161
175.153
210.381
280.701
414.341
160.447
202.539
167.327
226.054
167.508
193.127
267.512
199.565
165.026
177.026
206.538
291.484
213.631
156.439
295.623
184.765
450.538
209.35
168.68
158.446
245.371
258.806
417.213
1423.83
168.493
154.329
161.346
362.664
160.425
361.334
183.585
173.834
167.998
254.108
186.991
155.363
262.158
246.058
268.661
157.547
219.105
196.682
198.742
242.097
203.951
563.669
294.258
286.118
177.133
185.197
194.67
539.739
346.916
152.886
207.179
245.47
210.56
188.396
209.961
195.456
242.682
262.518
260.421
190.004
170.372
230.978
640.678
233.036
402.408
158.42
196.846
361.432
247.378
195.535
151.572
210.561
216.263
218.236
230.569
157.245
212.868
168.981
223.264
198.1
154.204
161.735
803.175
208.948
214.773
164.297
161.955
206.955
365.005
179.162
486.636
196.471
152.257
154.276
167.565
344.718
160.247
151.455
155.66
153.271
169.638
156.329
163.251
545.818
339.643
158.646
204.305
284.131
259.309
152.352
169.818
349.452
356.588
177.842
353.604
166.309
390.623
217.178
415.656
209.487
200.577
204.038
269.589
179.5
201.126
164.357
188.556
214.879
168.624
480.262
292.202
555.577
268.224
190.253
199.512
175.585
282.028
201.546
198.747
493.303
198.4
300.623
236.736
189.304
291.001
245.549
427.727
384.705
197.612
252.232
160.525
218.936
181.328
522.573
186.361
264.455
452.547
156.075
278.972
171.432
221.461
157.406
176.276
207.088
155.902
199.969
179.407
168.332
340.648
175.124
254.374
221.904
298.755
173.111
212.019
159.136
390.633
283.491
188.913
323.022
161.648
231.135
176.671
341.035
184.277
274.98
287.068
203.738
175.553
212.811
199.35
174.482
155.066
207.595
233.33
150.317
188.537
289.419
150.787
227.2
152.637
230.042
177.383
399.158
188.165
182.692
164.572
244.581
404.248
167.18
164.209
210.738
321.949
162.35
214.44
281.733
208.113
256.663
560.303
288.295
155.365
404.42
252.69
172.486
275.822
150.425
163.442
197.496
151.229
266.678
179.465
242.089
193.936
229.959
462.802
244.52
202.838
320.695
237.849
184.713
200.826
198.247
199.441
203.924
178.721
168.064
183.729
228.56
200.011
199.552
169.222
158.051
254.791
535.553
298.405
275.631
181.202
202.213
151.623
164.859
774.756
368.685
168.299
162.139
151.5
191.966
191.596
155.681
201.683
160.113
190.114
209.64
773.576
188.122
403.5
200.429
175.141
172.914
193.786
151.228
155.72
172.38
152.751
187.674
158.579
463.196
187.135
257.259
319.136
393.917
227.466
178.296
217.617
255.299
442.317
152.037
235.67
172.404
294.267
156.235
216.791
185.963
190.801
236.814
212.67
837.851
188.38
191.425
174.183
157.335
375.71
548.064
198.046
243.843
240.577
166.588
388.098
181.776
205.836
159.661
232.074
254.973
154.137
234.72
152.329
368.595
181.955
175.614
227.594
162.873
178.566
245.15
1392.71
213.855
159.022
154.299
239.994
209.952
174.68
303.941
234.844
160.61
347.922
237.52
156.919
375.336
235.966
282.037
204.701
194.213
240.433
331.647
161.476
258.037
180.618
202.022
256.701
197.564
254.585
212.97
156.193
431.526
223.263
637.292
162.661
229.291
247.109
378.958
184.075
158.853
163.277
174.512
440.974
170.506
237.392
307.607
206.794
235.142
203.887
191.888
154.464
185.774
316.138
194.769
195.131
460.54
187.121
232.944
249.103
248.422
161.36
439.296
256.761
414.227
184.331
215.393
157.311
208.098
279.545
380.505
169.88
157.766
196.078
235.685
163.58
158.751
165.038
208.095
158.814
164.83
413.087
209.59
194.259
196.672
1610
283.13
466.889
197.733
176.479
217.027
166.455
215.089
177.866
231.566
197.03
165.308
182.074
174.031
159.535
228.661
283.792
328.188
161.894
174.072
188.431
470.077
157.368
176.848
181.878
203.075
159.632
162.615
279.338
228.481
189.534
198.898
230.93
279.628
197.391
280.012
174.141
601.044
154.357
177.979
289.827
192.306
151.682
219.076
191.394
316.055
582.907
189.643
162.208
164.096
184.709
364.78
247.56
254.817
207.459
258.904
156.972
240.17
157.853
465.517
243.867
169.863
153.072
166.402
243.005
181.149
179.307
172.84
340.941
538.263
586.457
395.065
173.478
164.446
249.453
171.092
190.203
236.178
206.613
204.698
226.757
205.543
227.101
153.884
264.177
187.926
167.107
220.654
270.128
432.465
454.454
161.954
164.002
278.967
806.212
471.792
281.842
267.458
372.517
462.596
267.758
378.154
249.31
166.284
308.343
211.266
310.945
217.675
475.733
237.903
226.285
182.69
205.957
184.328
206.657
230.711
233.324
191.541
182.182
160.566
155.305
172.922
160.049
296.688
164.244
243.315
159.368
212.138
193.022
152.73
150.111
308.109
180.063
199.347
193.501
239.408
254.43
310.105
276.16
323.903
166.518
195.305
269.349
186.728
201.346
177.284
173.846
156.072
152.872
181.71
205.323
213.822
420.82
157.632
214.643
624.33
193.459
306.363
277.877
276.715
161.869
175.319
153.347
222.863
252.306
440.229
257.378
160.016
320.524
217.129
195.871
209.952
177.916
500.472
285.039
152.106
275.93
190.899
206.93
186.379
186.021
277.786
177.723
152.411
181.35
325.149
250.545
271.446
190.708
167.623
475.624
217.943
277.842
180.074
255.572
287.59
194.283
366.104
468.928
167.498
326.777
189.27
248.156
185.506
193.651
202.395
507.942
252.01
215.084
247.084
283.476
167.039
273.608
155.051
166.393
175.446
281.303
171.627
225.944
152.256
218.191
152.961
175.033
397.678
270.357
200.822
173.157
196.37
245.347
155.376
180.269
182.398
424.762
161.806
257.063
153.05
176.867
173.47
160.863
154.437
270.647
174.32
194.694
385.721
238.446
201.955
547.423
292.499
469.419
189.746
170.607
218.42
177.38
187.359
156.75
534.968
156.896
207.414
160.26
178.571
428.068
338.435
360.763
182.005
174.094
180.767
343.022
151.978
150.117
380.82
251.892
211.184
342.538
156.931
172.591
216.967
285.834
169.157
166.901
208.481
174.819
259.633
216.723
329.005
218.9
195.26
195.76
226.368
182.471
288.566
179.945
222.312
193.434
150.763
221.034
177.96
175.29
150.797
197.683
215.659
235.436
217.321
217.081
193.78
231.26
161.927
227.505
155.631
195.645
240.557
150.262
254.74
175.684
629.625
169.951
376.499
171.215
150.397
306.222
157.627
155.951
150.117
152.201
321.88
162.724
381.901
154.009
404.142
158.903
226.327
249.387
415.452
176.328
191.189
171.772
154.489
184.082
180.903
156.704
166.094
185.419
295.986
192.053
201.653
189.537
202.565
236.448
238.128
156.23
221.536
329.583
181.789
274.418
166.594
296.156
233.053
596.373
206.357
226.885
288.798
204.158
181.711
261.69
205.698
154.043
166.794
163.817
158.587
273.336
237.878
298.757
198.886
151.392
250.616
160.287
176.744
182.658
182.048
189.031
783.549
246.983
194.302
229.998
243.973
152.047
315.71
184.904
184.862
150.988
231
223.263
173.054
215.625
170.993
197.173
185.599
210.676
199.431
168.994
366.747
180.475
579.064
206.142
158.415
442.997
165.179
179.023
205.616
463.29
165.687
153.879
165.561
292.216
168.638
164.441
166.532
206.972
155.391
278.867
626.222
202.758
245.215
151.35
174.977
210.064
232.547
248.602
381.264
1140.06
180.809
182.034
266.586
205.457
157.069
170.691
220.084
156.183
206.016
162.392
254.247
273.702
262.604
192.933
152.285
155.588
277.024
255.006
321.029
232.939
240.683
271.9
246.331
207.879
188.58
231.214
150.854
160.545
176.302
253.486
166.042
455.273
330.709
181.801
166.732
173.317
174.762
156.487
151.692
179.675
158.901
216.357
215.776
202.823
182.568
194.768
153.265
177.087
166.883
199.667
198.021
276.123
174.873
244.379
188.467
150.573
1960.72
171.413
166.816
155.673
196.51
178.796
234.635
194.039
156.635
160.313
166.445
231.856
211.086
175.909
235.29
279.703
188.101
353.131
376.383
160.125
161.177
180.395
162.534
476.114
182.543
485.623
341.803
152.998
171.627
172.349
150.119
181.574
186.152
164.981
153.882
199.113
513.848
189.854
194.165
284.033
205.741
257.82
178.247
505.553
228.274
264.526
178.802
175.375
155.465
221.732
150.177
163.344
253.264
173.711
219.686
225.525
324.049
219.818
175.818
278.776
187.564
323.152
222.391
222.565
165.066
164.259
167.377
713.387
311.899
424.181
282.886
261.207
210.478
326.459
186.922
578.236
340.52
150.68
254.955
204.433
155.444
179.094
474.67
157.957
166.163
174.879
184.274
158.787
152.929
549.563
202.167
193.905
188.15
346.774
216.275
221.525
265.361
194.427
225.662
182.055
193.054
177.254
167.16
241.104
167.646
296.086
329.382
261.324
349.709
174.443
193.61
156.29
369.262
187.92
188.227
152.129
210.388
171.501
284.769
218.922
244.756
312.242
188.63
166.513
168.912
155.43
220.979
208.495
172.951
219.291
258.724
181.869
254.477
375.693
157.689
159.022
164.009
362.883
183.201
221.642
151.58
185.804
198.848
285.525
320.297
245.132
213.38
398.039
206.487
151.073
160.398
153.211
571.107
210.36
174.012
228.668
159.416
366.593
166.33
251.957
185.762
167.085
173.747
188.917
235.748
269.499
271.872
163.455
448.268
266.284
176.238
303.992
153.917
209.528
236.557
166.611
152.944
206.814
231.149
231.028
182.339
194.556
154.714
231.445
183.442
285.527
210.564
409.593
216.126
166.383
233.35
201.413
179.669
434.036
179.855
291.236
306.739
204.764
219.846
375.862
153.083
258.186
289.762
187.694
275.723
259.384
241.055
392.445
233.496
225.654
199.26
229.3
297.386
199.359
156.301
159.052
216.635
216.811
153.095
157.1
154.889
203.024
199.877
337.181
161.348
276.605
293.404
320.709
320.813
205.152
226.077
195.18
290.552
322.269
159.065
283.073
362.277
534.888
173.954
253.835
206.286
173.347
151.142
161.388
166.241
286.054
166.56
336.92
199.604
171.113
166.782
192.896
158.596
200.152
227.772
164.408
317.253
162.697
179.907
167.347
489.263
193.031
310.149
251.4
356.549
266.668
400.541
180.178
190.405
183.612
188.525
194.917
670.179
187.843
174.497
346.132
270.713
208.056
167.293
243.406
220.696
321.309
161.618
207.235
152.827
214.66
187.46
164.438
190.321
270.498
174.223
180.027
220.576
277.799
195.878
241.366
269.748
345.623
165.832
188.632
204.342
161.169
159.843
168.253
178.004
173.908
355.386
286.463
166.99
195.818
470.079
277.121
540.874
269.459
207.533
377.403
360.301
175.266
174.861
185.705
181.617
167.79
156.58
292.235
323.214
305.984
257.133
170.361
192.202
155.261
222.075
323.071
282.926
441.14
694.011
429.025
397.158
494.035
375.339
229.189
294.952
207.426
270.656
206.193
292.455
158.687
223.938
202.926
301.108
186.65
183.394
261.622
392.714
469.346
300.676
239.391
193.594
166.822
157.477
182.582
233.164
170.42
200.464
166.565
290.261
363.373
252.468
150.588
173.111
227.88
390.298
339.479
202.809
198.196
241.048
241.897
228.664
159.954
192.646
168.841
186.47
373.933
154.42
292.937
163.164
236.935
156.418
153.403
209.296
203.468
152.867
191.799
151.302
164.26
217.677
186.286
260.808
227.818
229.904
204.178
153.274
274.823
321.458
209.235
257.648
1118.83
202.687
173.433
206.717
192.146
225.254
213.75
167.669
150.106
170.965
798.511
241.035
162.681
172.473
154.677
184.781
402.542
165.256
181.738
195.781
255.84
181.002
184.63
160.492
598.399
159.659
162.51
452.882
188.324
155.926
172.656
163.266
203.96
315.519
1645.64
202.718
440.279
192.152
184.565
220.984
160.135
281.883
188.62
165.879
244.674
205.174
389.486
157.302
195.626
163.484
518.133
168.819
222.443
242.586
159.336
242.183
163.125
171.91
232.169
228.578
192.808
162.615
173.741
171.857
174.415
203.427
176.408
247.434
199.352
153.745
248.042
173.552
251.276
225.327
217.41
205.652
152.305
176.234
223.907
171.865
226.835
473.521
207.032
175.081
161.583
260.564
175.808
160.947
253.582
262.769
221.648
164.165
290.279
159.127
322.583
529.537
156.92
213.048
152.712
257.694
202.358
174.615
219.164
151.255
293.827
257.684
177.187
211.335
668.927
629.513
162.809
265.181
214.507
322.654
170.169
217.994
290.968
266.195
473.828
213.691
150.009
309.815
211.549
778.215
220.835
205.409
257.094
208.166
193.833
186.382
189.195
198.478
151.758
218.803
194.698
152.898
587.069
177.658
228.585
340.551
258.891
171.502
172.329
163.666
193.288
256.827
150.043
166.625
171.219
232.641
161.25
155.942
226.856
157.958
152.372
214.573
168.467
285.153
184.653
206.524
312.94
154.547
200.479
168.927
284.085
192.991
183.139
243.682
274.37
151.163
151.802
237.327
265.833
153.733
153.643
367.078
286.669
302.1
189.87
162.426
228.313
170.469
166.163
323.973
333.82
192.239
174.759
278.081
158.331
239.915
300.642
335.109
166.396
174.424
243.61
221.356
1141.93
170.331
210.071
174.066
224.805
151.282
166.29
194.88
297.734
323.445
166.662
585.975
294.607
176.064
250.834
238.889
188.132
218.403
235.917
274.42
192.96
156.121
249.12
177.559
248.461
280.862
174.837
182.046
182.772
220.057
177.277
174.491
151.177
266.905
174.809
372.999
180.611
228.6
399.357
150.787
183.178
157.083
250.528
272.499
177.383
224.83
150.749
241.83
206.71
406.889
296.514
178.69
330.056
353.114
180.791
203.799
196.066
306.815
164.606
222.161
262.831
202.878
226.968
181.557
496.206
251.633
155.04
305.768
170.494
191.626
279.66
249.003
195.206
223.165
155.922
271.255
207.315
508.831
212.509
173.917
306.741
201.713
223.435
224.779
239.293
168.932
153.125
242.214
152.704
173.523
183.788
355.278
159.055
501.217
351.033
201.128
188.205
361.357
192.63
219.831
177.833
196.265
198.565
155.081
597.046
220.586
236.953
165.479
242.729
178.31
293.212
232.105
169.996
462.286
237.101
294.462
159.462
160.032
234.597
151.067
217.379
208.622
286.773
169.948
185.613
172.992
248.658
154.454
278.702
278.234
176.343
173.282
333.663
245.297
320.916
281.7
159.446
165.124
165.809
152.728
171.75
175.064
215.524
165.503
229.855
158.84
164.591
211.911
157.894
241.925
185.291
233.767
175.267
354.828
280.949
278.444
623.51
169.09
241.37
237.138
263.688
154.343
226.196
152.81
223.8
320.917
358.388
248.024
366.32
152.901
177.042
188.633
257.106
210.105
717.091
211.049
166.691
156.893
519.764
184.299
198.299
260.947
216.816
303.33
176.221
168.046
171.105
250.552
172.326
212.856
159.372
238.357
282.947
185.486
210.188
156.56
197.106
204.819
179.989
208.217
156.756
267.616
211.654
174.196
373.923
166.87
169.063
228.15
186.988
351.118
157.613
221.84
254.945
154.064
171.725
200.422
195.28
200.495
219.308
221.901
288.308
189.208
164.746
203.484
236.886
280.845
283.839
238.342
209.735
186.757
176.577
228.85
153.674
211.718
325.445
276.81
227.28
162.788
309.775
163.47
214.649
288.23
283.668
224.667
270.963
167.284
239.887
187.425
207.275
378.236
162.015
278.657
234.55
215.299
191.35
288.348
165.57
190.234
242.747
522.751
218.484
180.214
153.596
152.939
333.925
200.674
605.471
175.966
159.583
162.439
227.273
273.712
201.179
155.494
193.973
336.365
314.264
172.903
177.682
229.233
740.362
291.198
222.48
328.773
185.591
270.108
183.033
923.118
184.733
263.696
209.711
194.687
171.434
252.059
259.638
197.881
245.209
299.062
159.424
185.936
246.456
183.443
170.017
727.31
211.131
220.212
195.556
267.619
278.618
175.478
273.468
170.505
160.53
164.923
194.51
621.077
674.555
732.233
172.576
437.963
162.049
226.556
163.532
224.701
238.458
173.825
152.332
195.9
437.953
202.473
176.29
190.393
362.47
198.458
162.618
151.369
251.615
261.723
256.57
541.486
328.273
162.603
303.135
171.586
162.964
187.846
287.331
206.044
238.299
281.442
155.345
401.289
151.916
157.333
197.026
199.764
241.826
188.448
195.697
202.453
174.74
219.527
178.317
193.927
203.615
201.644
257.49
159.009
204.941
161.679
273.077
168.667
260.155
159.426
252.337
330.049
257.232
188.529
215.446
280.859
213.699
238.485
170.642
167.218
164.705
311.757
150.965
214.569
169.104
302.11
187.85
218.354
241.404
159.442
342.392
174.43
201.316
218.613
300.818
174.299
346.66
233.895
167.973
151.309
214.696
236.39
223.171
235.301
265.128
192.586
172.966
234.972
252.491
363.183
222.79
156.545
320.444
449.7
220.206
219.389
177.538
435.568
152.129
184.25
294.521
264.841
178.356
161.841
193.928
288.943
187.546
293.806
212.778
220.41
249.91
399.779
185.805
196.179
419.525
206.913
704.244
171.03
255.362
346.891
152.903
177.195
169.715
265.509
225.483
187.77
263.556
182.534
225.978
265.608
261.525
566.115
169.548
250.588
175.345
227.191
170.694
215.725
222.739
257.335
214.623
226.99
174.227
193.809
155.287
165.083
198.347
325.838
286.483
243.019
177.508
552.885
151.774
190.776
175.2
319.192
150.376
152.014
162.99
277.527
179.87
259.765
213.54
235.929
226.819
155.056
189.016
209.249
172.925
490.277
154.159
335.177
201.471
234.239
437.363
161.557
233.344
202.007
255.011
159.13
161.477
152.566
173.998
698.268
178.398
189.123
226.11
157.415
200.252
156.578
257.283
150.985
187.489
152.144
151.23
171.012
249.575
282.307
243.21
204.383
205.669
197.355
193.87
159.794
237.32
193.022
194.893
235.323
638.996
165.657
161.208
247.643
161.936
165.562
175.616
227.325
191.642
211.428
223.373
266.287
320.4
271.444
155.849
200.993
233.734
217.618
171.245
174.52
290.353
198.694
271.159
490.33
178.578
351.335
315.708
155.459
174.72
168.381
354.025
151.537
283.234
241.839
311.881
156.703
176.543
172.335
243.794
227.506
271.332
194.616
245.769
260.721
157.007
225.583
158.799
150.124
155.608
224.795
173.212
171.777
348.676
227.106
235.429
170.811
163.927
181.393
227.181
950.325
269.085
209.632
180.748
178.252
164.929
243.638
163.031
171.427
318.795
171.47
431.197
175.683
362.457
196.515
1287.97
219.927
192.282
221.148
240.583
196.541
167.939
167.379
150.781
156.362
262.854
150.786
220.825
272.464
266.475
267.976
180.875
200.863
344.095
289.638
202.617
239.664
266.842
231.322
235.092
235.917
214.58
185.826
238.172
176.527
175.915
307.706
189.33
156.547
253.076
198.099
247.623
159.132
155.116
303.388
235.036
175.936
202.487
172.832
184.514
176.892
177.884
208.678
162.152
193.447
282.855
391.07
166.824
191.223
918.598
323.05
160.573
190.657
170.002
261.383
198.766
175.751
162.079
158.502
327.607
165.085
210.925
162.278
230.584
272.047
177.583
204.53
164.823
284.823
225.133
202.078
202.599
190.539
262.305
164.743
156.986
169.363
150.686
209.169
212.2
226.151
716.941
153.526
152.916
278.785
324.707
232.777
201.225
635.842
205.738
270.831
179.915
330.965
197.95
156.921
287.909
352.621
376.762
293.968
175.677
193.941
260.994
249.185
233.287
160.031
308.485
302.405
157.978
168.277
550.337
246.879
174.076
185.6
893.419
314.93
820.596
369.493
266.661
179.596
168.176
394.56
538.938
218.236
194.247
438.128
248.004
161.135
174.957
165.628
202.813
303.93
398.992
173.776
677.184
194.62
184.759
277.294
188.54
204.119
167.494
190.907
157.163
237.246
374.726
363.233
380.137
171.126
236.109
166.004
176.411
656.343
192.495
221.743
192.092
172.523
173.686
166.135
307.309
321.027
160.136
209.498
415.127
151.446
151.833
178.592
163.51
274.04
245.926
198.696
151.078
292.031
193.355
207.437
613.182
179.219
165.473
175.397
247.562
161.638
153.211
212.673
228.532
229.124
399.732
187.918
157.261
202.068
161.349
181.966
347.515
308.085
169.19
211.246
237.752
161.672
150.07
204.877
207.178
237.761
248.3
276.503
152.409
170.792
170.478
247.099
299.545
363.961
254.558
165.433
277.638
175.623
169.603
297.601
223.366
180.931
244.156
307.859
201.768
227.617
265.074
219.137
157.563
192.666
200.741
188.168
151.23
198.233
180.418
291.204
332.513
196.286
189.996
237.762
166.997
922.742
165.405
178.097
249.604
302.908
184.04
182.296
169.156
165.585
173.075
172.257
185.936
194.42
208.191
293.034
164.251
232.627
252.745
385.311
175.656
286.342
190.22
165.616
200.643
185.392
172.335
415.447
235.279
201.989
176.973
180.616
208.573
1211.18
302.246
184.534
283.619
243.335
483.129
247.536
558.356
234.024
150.706
257.089
168.806
174.402
177.956
299.387
173.374
154.937
171.262
463.347
234.367
198.462
254.631
150.465
207.973
242.616
169.646
317.158
179.772
196.653
192.994
193.898
157.197
167.332
480.286
185.742
152.144
200.113
183.765
182.886
210.719
211.416
164.156
184.929
160.778
273.101
156.417
159.574
270.531
215.177
174.587
216.485
188.293
271.582
221.077
187.734
281.75
240.001
222.066
320.902
588.197
320.83
216.649
153.57
269.424
208.059
218.121
260.476
241.539
222.403
191.557
174.621
189.482
197.16
256.504
161.122
203.051
175.983
162.054
170.175
212.361
242.623
323.3
161.007
168.803
216.022
151.728
159.97
171.824
189.414
252.036
208.505
157.138
183.603
307.753
160.636
191.332
215.464
160.269
511.365
166.916
216.669
162.149
175.64
233.531
154.096
185.003
152.037
210.204
170.22
298.177
155.349
537.471
217.37
168.219
207.496
254.646
288.825
184.165
303.882
326.028
180.973
218.437
162.049
174.94
202.702
159.328
267.865
201.899
266.318
152.919
292.297
400.367
209.021
261.771
158.093
413.452
248.835
163.875
159.236
158.451
176.027
172.504
174.463
323.861
153.879
208.809
197.949
423.251
435.003
269.408
195.339
204.482
275.66
164.005
180.673
167.179
246.206
150.555
218.147
370.849
245.668
175.868
237.859
206.811
166.309
192.587
317.64
279.261
241.447
197.571
253.867
229.585
175.774
172.4
200.2
187.423
194.43
153.327
208.118
206.364
222.405
169.571
472.84
435.784
188.02
564.951
205.67
202.149
174.394
230.707
319.888
270.53
735.158
682.608
159.242
261.579
206.001
169.579
206.591
200.724
276.666
196.9
275.094
270.709
197.604
311.56
151.728
253.866
216.303
171.332
180.638
315.634
187.133
196.59
188.259
153.835
316.095
189.535
269.28
315.37
171.352
205.366
309.156
471.337
404.385
386.654
732.518
687.63
219.002
246.595
167.78
231.758
189.315
258.933
242.535
268.53
181.016
499.365
179.121
215.961
239.8
425.501
210.533
251.811
274.211
181.456
238.966
388.186
178.088
165.161
174.513
173.213
206.766
169.014
159.586
823.009
226.352
163.128
211.429
205.305
295.774
217.729
202.772
210.36
163.674
550.183
234.294
242.23
177.462
195.371
213.939
273.225
157.124
373.966
201.391
226.088
181.764
182.568
191.027
174.201
155.504
167.738
301.573
165.618
199.292
226.376
309.103
192.078
770.281
312.093
153.328
258.941
251.585
453.787
333.397
257.41
495.659
304.381
220.947
162.729
294.594
378.619
154.479
151.825
208.541
813.215
340.409
323.686
251.347
174.148
210.307
162.766
478.541
160.916
241.316
277.008
183.945
211.492
203.133
227.878
233.983
199.782
180.804
168.148
249.207
194.173
153.749
173.102
273.313
217.765
507.929
188.461
228.411
192.143
234.538
182.928
277.052
214.376
219.337
290.371
192.151
224.079
541.032
212.565
160.772
212.52
364.391
165.138
179.572
239.574
303.108
186.049
253.479
198.439
159.804
153.954
226.614
197.529
157.761
273.265
271.487
164.894
291.661
191.557
441.289
197.386
328.789
271.714
279.627
279.485
228.085
167.477
176.654
357.237
232.799
264.605
262.021
244.472
332.708
202.081
168.104
187.544
193.304
184.4
186.57
176.856
338.419
263.037
268.697
181.581
557.713
268.946
333.226
198.268
172.73
151.017
202.653
280.39
150.258
313.076
167.833
211.362
620.016
401.202
193.536
179.027
385.452
474.095
212.446
163.132
305.629
410.759
357.29
206.415
201.681
286.221
250.828
273.915
163.152
186.847
152.152
259.825
182.503
233.747
170.99
709.569
387.07
197.774
400.359
359.46
206.761
240.155
163.799
343.887
164.126
244.171
236.979
153.588
199.515
170.298
191.874
160.488
224.326
318.552
174.995
176.32
208.059
206.565
151.881
156.968
304.305
167.651
674.675
372.966
323.105
216.993
175.471
228.193
329.693
249.656
248.377
188.514
246.775
201.773
585.604
220.115
400.779
210.125
332.706
381.699
177.023
265.038
219.757
268.299
448.545
180.744
255.812
170.838
222.937
207.257
152.861
249.579
189.913
195.583
305.931
197.941
323.922
239.533
209.364
183.909
175.279
157.023
185
431.751
794.011
268.021
312.774
330.147
158.327
227.393
384.374
227.958
170.911
190.167
152.133
297.179
168.696
332.903
171.532
160.562
196.551
312.376
181.687
159.638
230.767
224.692
178.95
155.562
174.809
178.839
159.975
168.198
167.728
186.768
191.028
227.719
159.605
194.299
853.173
287.154
161.805
150.468
175.237
150.553
343.445
150.472
172.398
260.854
196.39
186.823
550.554
255.664
198.848
193.888
182.772
156.992
152.621
155.165
188.898
165.999
170.733
222.453
174.837
187.789
160.315
307.749
592.892
473.022
347.949
236.831
168.605
258.885
233.539
417.678
172.597
245.08
156.351
279.662
188.257
236.972
181.502
478.768
214.836
189.204
185.654
197.529
344.615
261.055
168.823
299.134
150.051
226.364
173.952
168.36
168.749
273.455
192.122
154.592
168.376
237.151
165.598
187.968
569.707
215.116
224.027
238.863
179.1
155.516
203.549
170.763
162.144
188.516
193.999
227.112
151.761
216.081
152.903
165.559
172.586
289.34
175.153
162.297
157.104
183.779
155.491
276.634
201.825
209.995
168.957
271.154
1730.32
171.873
244.402
186.465
203.871
252.826
182.704
203.765
151.87
193.089
200.797
263.928
220.617
168.784
286.785
191.951
198.356
330.189
153.503
201.87
336.258
649.286
151.544
200.208
174.001
283.014
153.099
277.504
179.889
161.298
429.727
166.631
185.561
195.034
243.22
192.759
185.634
242.771
247.889
497.251
183.411
475.908
306.851
182.065
283.328
173.349
162.371
303.175
412.817
241.031
176.572
177.5
516.521
187.083
205.234
250.102
151.548
201.584
163.12
215.732
152.011
164.929
178.674
153.942
262.412
171.94
225.279
241.953
154.158
155.782
732.447
282.094
193.625
307.818
244.733
489.414
191.288
170.579
190.722
233.995
207.359
196.308
151.113
165.613
177.005
181.391
420.016
157.991
156.21
174.453
315.179
454.481
277.424
177.676
286.868
305.813
299.476
161.45
438.528
155.797
155.441
160.239
205.409
239.862
230.674
303.108
204.039
209.604
212.925
198.175
250.967
197.409
159.017
220.109
152.858
194.965
156.26
228.553
194.167
260.685
591.595
393.219
1696.89
198.016
306.475
690.6
280.484
237.234
172.104
259.372
197.695
405.621
165.431
169.483
191.929
208.554
221.861
207.194
194.907
160.128
172.145
253.804
404.763
216.506
157.752
308.428
184.343
208.79
212.574
150.629
171.122
152.016
168.977
190.945
243.469
433.645
264.712
248.71
334.039
153.998
355.586
204.406
156.141
230.547
170.506
336.507
168.006
153.425
163.988
193.507
501.727
361.331
187.557
216.178
177.38
218.285
164.852
189.617
173.73
174.05
152.229
218.715
273.84
206.324
331.293
231.899
325.013
180.849
154.33
170.229
214.299
159.041
179.274
373.603
722.601
233.086
161.218
156.802
479.902
225.718
200.499
186.13
499.629
181.169
355.635
769.393
158.007
249.667
199.164
816.909
223.782
436.336
172.979
229.393
159.15
315.932
202.406
165.995
180.106
161.952
229.682
336.549
285.48
187.665
182.737
253.074
196.08
275.054
397.531
216.216
568.058
150.783
183.099
155.543
175.039
236.059
196.709
300.833
225.651
180.969
167.219
179.74
162.89
261.707
180.526
306.25
197.913
182.287
164.732
156.381
380.887
168.679
427.525
241.45
173.321
227.29
161.744
324.382
382.628
233.564
177.715
404.609
302.672
166.755
200.058
243.4
204.669
272.35
191.647
154.757
227.378
193.137
238.146
173.379
150.249
534.769
198.513
316.456
308.138
186.307
153.937
517.529
162.254
154.706
273.943
190.474
232.001
311.777
170.924
203.121
193.097
742.704
251.155
158.808
155.699
213.877
249.097
165.464
196.52
215.5
197.17
257.708
286.409
256.7
198.339
394.755
187.33
201.338
351.013
624.579
181.154
153.248
168.051
259.672
150.35
181.243
202.126
217.325
220.021
352.3
176.246
280.757
254.985
175.931
254.515
169.302
181.613
287.551
170.929
216.312
170.471
204.907
217.2
241.336
155.668
265.831
153.178
236.06
211.907
179.896
457.893
276.938
196.972
225.689
189.071
152.635
292.569
199.481
278.233
221.414
299.123
156.815
158.94
239.012
547.056
254.239
234.327
211.256
207.337
215.161
260.792
176.656
274.479
171.777
161.867
209.898
345.633
185.318
151.088
748.086
286.589
215.769
366.494
163.561
207.197
154.235
194.91
255.656
227.127
159.16
151.31
171.173
259.395
174.762
205.291
170.056
241.583
196.418
176.499
200.724
157.43
163.338
196.465
216.559
236.861
174.246
177.271
177.113
198.278
170.854
180.193
256.192
241.121
203.833
291.799
188.62
210.324
349.56
530.913
170.423
165.838
221.918
154.257
208.102
179.43
171.127
354.107
230.444
221.028
196.567
225.769
280.427
186.213
233.533
201.622
219.106
286.924
333.599
218.344
190.342
178.988
193.58
379.628
234.67
177.9
204.603
152.872
243.753
155.087
179.062
157.568
296.87
182.528
153.327
187.508
154.676
280.529
166.565
263.588
189.969
198.432
533.975
153.918
168.923
192.348
187.008
367.483
151.619
341.379
157.326
160.48
198.77
275.301
184.999
236.046
730.328
440.833
414.505
277.286
176.732
184.215
198.743
252.161
192.78
152.793
421.733
276.14
177.668
659.77
190.566
151.812
150.878
153.438
204.401
174.605
165.839
172.856
187.13
151.191
416.771
273.73
246.746
250.99
192.106
186.237
251.092
173.872
309.031
156.198
271.531
483.33
156.788
268.176
240.613
459.046
281.25
508.791
175.273
154.187
157.146
152.071
164.357
186.994
208.595
305.155
166.407
237.001
152.963
184.402
302.88
206.041
470.653
211.222
172.782
322.791
426.993
159.68
155.003
153.839
174.135
191.689
153.215
182.169
384.064
161.259
152.927
207.16
162.819
184.614
321.439
180.491
151.079
185.868
262.222
201.84
243.674
174.905
170.204
190.529
177.493
201.823
211.137
268.317
170.973
164.314
183.08
209.338
229.675
256.979
203.704
155.057
201.681
166.904
156.838
173.709
176.14
351.868
283.76
150.245
228.161
402.501
164.202
181.773
156.5
212.361
168.456
168.464
177.942
175.172
263.382
193.61
203.654
173.99
263.799
154.055
210.874
195.54
153.804
652.921
192.263
190.507
352.513
234.007
194.843
228.152
294.884
176.841
162.101
271.851
204.663
226.611
773.336
427.587
175.118
174.014
237.766
263.669
177.472
215.438
379.599
208.817
204.57
219.288
198.094
269.891
210.705
395.55
203.003
177.16
407.322
179.887
193.012
223.052
208.851
167.908
197.547
173.382
375.962
228.464
169.131
318.858
178.994
208.243
227.446
201.501
178.626
200.733
289.372
155.397
186.812
322.215
167.465
238.92
157.638
234.648
212.446
475.815
288.898
151.653
194.753
338.721
364.482
363.162
214.269
320.959
222.308
232.123
303.381
265.025
154.718
152.715
281.748
274.909
345.026
403.662
154.778
181.499
210.433
152.703
255.15
215.29
483.226
191.664
227.775
271.841
321.885
234.437
167.531
293.934
205.86
239.003
248.915
171.011
212.802
224.292
183.846
162.975
179.58
445.948
167.349
428.664
157.486
414.907
168.312
389.063
174.297
172.364
187.238
268.685
162.009
259.677
204.816
172.01
161.192
152.641
190.552
160.004
420.392
163.383
159.017
162.381
163.328
327.697
212.087
188.786
154.785
506.642
167.592
251.952
163.196
355.902
167.951
207.911
174.285
304.6
196.498
184.857
201.623
249.318
422.682
164.882
1010.62
254.631
158.668
203.82
389.606
224.353
360.502
328.335
154.459
394.024
212.038
188.097
186.284
172.081
305.82
193.977
612.628
880.57
193.449
177.719
284.06
180.874
260.524
213.077
477.2
448.744
301.342
281.157
175.586
432.502
202.918
320.48
211.081
197.537
168.891
171.061
267.896
150.774
378.552
221.408
167.009
205.24
240.934
240.436
155.201
200.236
215.191
206.866
150.993
233.008
261.085
218.799
179.49
272.891
543.944
212.474
158.061
771.048
257.518
176.554
181.73
518.08
369.508
292.418
188.438
259.896
264.533
186.137
167.278
306.465
234.896
196.107
175.243
175.848
373.268
420.274
182.327
185.746
276.231
170.803
250.077
292.169
683.49
364.504
295.79
179.522
178.936
272.157
219.893
316.744
157.218
250.281
235.996
232.416
351.369
159.126
159.678
163.391
185.11
224.207
156.217
183.064
187.897
170.415
239.793
176.547
316.025
193.045
154.131
223.483
185.023
201.811
228.67
173.602
167.496
183.358
199.936
159.695
166.405
181.825
202.419
506.033
201.453
237.671
262.187
219.796
277.757
224.453
176.167
167.771
436.762
237.077
247.769
159.595
185.569
228.334
453.607
201.842
191.999
172.596
350.21
168.176
151.044
286.268
211.987
168.09
163.777
176.992
162.7
243.711
190.38
796.157
160.652
180.889
184.339
200.817
706.395
226.935
241.59
166.276
152.708
434.139
157.422
204.573
244.488
168.217
169.33
176.16
220.56
249.484
248.104
170.284
161.432
187.554
215.162
189.05
190.852
171.574
166.73
240.586
167.403
151.857
314.017
587.498
157.389
171.156
344.673
337.327
177.679
446.522
245.4
164.846
160.481
390.502
170.157
376.681
264.278
181.238
174.143
420.918
202.921
164.822
180.465
175.486
153.219
176.103
161.485
162.958
182.587
940.624
156.909
441.074
776.02
430.45
173.722
206.808
205.318
1164.03
216.213
226.05
179.683
259.981
214.627
365.789
414.792
244.385
191.337
392.123
259.552
247.681
245.986
173.818
170.47
340.802
263.257
201.321
806.833
222.035
542.383
180.362
206.749
531.041
185.158
334.857
406.743
169.463
290.624
169.115
154.037
201.801
266.104
221.913
521.547
153.122
226.199
174.077
270.615
160.883
465.362
259.026
269.082
228.673
203.012
190.384
1011.7
373.387
215.586
227.178
220.251
191.776
170.156
160.999
235.316
167.881
253.757
298.39
306.317
152.946
224.509
184.202
171.04
220.136
186.795
219.88
176.228
461.376
245.753
176.312
303.172
260.346
170.564
271.582
161.134
154.411
769.384
174.158
162.072
157.466
160.548
226.723
172.186
228.099
256.102
203.331
152.437
333.54
227.901
166.219
275.275
176.832
189.35
288.252
246.887
182.998
287.459
154.725
260.072
330.617
174.259
329.272
153.071
169.049
152.569
211.132
326.144
232.412
157.076
325.047
408.003
302.664
191.266
182.524
211.094
304.449
193.345
249.516
211.655
170.676
189.016
150.252
269.448
159.446
196.833
328.469
253.114
244.73
201.705
179.608
182.509
268.084
181.091
187.911
295.079
162.573
218.499
173.148
161.284
229.61
334.608
185.613
196.43
238.003
395.459
154.806
227.65
431.759
188.209
178.745
154.329
187.546
352.615
153.093
182.638
151.144
176.226
150.417
246.711
151.328
260.444
192.798
179.52
239.128
351.443
392.598
154.468
185.988
213.865
371.32
163.536
156.835
162.522
190.714
206.425
293.714
176.469
234.149
154.792
260.302
169.104
166.681
186.743
150.734
186.337
238.912
212.305
488.448
250.99
167.064
193.631
197.924
171.822
155.849
351.971
262.372
193.585
186.223
180.802
377.258
368.135
191.791
186.987
162.056
286.357
289.422
255.897
250.239
164.948
218.149
394.917
174.58
210.631
185.431
184.528
221.177
264.383
164.431
177.733
249.594
314.429
180.467
241.172
202.577
185.854
222.115
218.203
169.007
204.364
159.124
169.451
150.859
416.71
215.17
156.514
159.175
214.948
208.662
165.308
164.607
156.518
158.175
163.533
566.562
290.214
157.469
161.171
176.88
308.488
237.264
251.752
205.541
173.045
469.433
238.176
271.791
184.115
180.598
297.943
184.986
196.941
165.614
177.286
282.422
184.325
295.789
267.504
229.908
184.49
180.296
151.702
174.767
210.33
211.593
155.266
217.445
325.061
204.91
168.875
159.558
178.455
210.642
151.03
179.879
325.62
152.833
229.379
333.515
161.586
286.125
305.428
165.964
233.842
213.146
257.389
217.896
174.734
198.544
219.025
157.039
191.466
192.347
151.331
247.701
189.905
268.351
233.822
315.431
224.594
156.925
165.899
171.48
214.575
723.469
215.382
408.892
174.794
287.718
192.336
324.554
325.711
275.827
328.998
650.141
165.042
290.638
970.271
172.42
759.17
193.821
171.742
448.703
244.318
162.8
178.381
182.732
161.027
262.275
257.541
224.555
248.191
170.411
213.193
302.02
213.164
188.793
485.802
247.356
209.488
184.176
162.035
198.951
231.042
405.342
373.44
174.037
209.883
170.202
173.688
170.677
179.07
165.101
202.2
230.179
175.002
265.354
307.003
231.346
193.687
177.468
202.242
217.677
196.918
194.429
209.028
185.296
184.857
380.22
239.996
227.788
170.424
211.172
252.039
178.69
159.895
236.478
155.278
226.491
587.935
159.173
188.09
240.116
209.509
176.513
186.183
604.237
152.032
173.529
169.571
161.797
269.617
292.104
620.989
167.789
271.985
153.587
158.856
192.934
167.418
152.05
166.831
165.868
172.845
205.762
169.627
157.192
194.909
270.009
233.508
206.677
213.502
614.725
240.831
163.117
355.783
188.105
213.88
167.397
185.982
188.389
212.501
426.156
200.87
331.195
156.33
259.66
264.901
376.42
261.69
170.034
228.146
317.557
185.123
163.366
652.064
217.721
205.9
560.506
323.015
170.386
263.923
175.83
176.415
268.483
188.649
178.979
360.799
162.277
169.307
259.513
465.218
212.839
295.096
334.063
155.171
230.235
177.199
334.334
304.845
588.183
247.75
198.133
313.29
257.797
170.653
244.331
193.686
233.997
160.32
173.983
159.642
270.09
314.839
189.22
196.274
242.368
153.669
184.885
205.927
200.727
248.616
165.396
225.066
206.47
209.096
184.07
261.208
161.642
209.847
387.462
245.54
185.267
360.444
224.29
185.055
161.966
516.181
286.942
283.911
364.882
253.084
195.069
429.84
775.693
178.28
168.909
154.125
347.442
273.595
218.305
496.595
158.714
342.304
154.778
241.945
150.155
223.234
245.655
195.705
357.03
206.674
185.449
207.173
162.43
269.733
271.942
177.941
234.338
183.797
189.686
166.605
153.474
211.346
198.207
585.548
229.564
166.629
187.308
260.856
417.141
159.022
159.562
176.699
303.605
159.274
229.395
170.962
204.724
159.532
157.227
171.291
390.69
167.004
183.545
198.09
247.573
167.792
267.045
190.391
228.933
303.724
212.777
174.667
278.742
151.091
204.146
217.544
246.021
162.023
186.11
163.012
185.505
167.346
186.221
177.012
158.206
170.018
168.052
178.412
443.569
198.038
264.309
231.733
223.487
190.273
154.882
234.597
273.136
529.805
150.424
156.29
298.077
411.513
197.563
346.101
162.931
155.534
191.14
151.704
153.347
340.927
219.577
168.104
179.655
418.688
169.328
259.666
175.263
243.843
172.76
153.044
542.99
255.752
231.022
745.896
203.253
153.033
152.492
152.527
158.251
261.203
184.835
525.765
193.955
159.334
175.064
162.762
187.737
177.691
237.512
331.857
427.313
193.279
168.083
172.098
197.981
299.754
236.517
155.88
230.129
605.201
235.365
152.106
240.179
151.08
158.408
337.947
219.029
206.371
170.984
152.046
270.09
222.821
192.425
151.947
245.916
276.875
259.398
158.201
314.035
466.442
216.769
235.599
177.874
167.639
425.118
380.973
202.93
173.456
340.646
192.327
151.006
457.156
414.194
164.415
289.702
165.929
206.493
220.277
165.341
328.661
204.557
234.479
260.708
180.906
199.209
162.203
545.918
150.883
241.548
209.091
155.133
366.694
254.684
244.841
715.322
180.655
182.902
321.304
224.969
203.483
169.646
301.013
299.651
267.869
219.292
205.77
340.665
226.239
219.669
165.586
186.82
156.477
193.168
281.055
211.109
226.391
171.27
271.168
168.771
328.271
253.738
364.2
232.802
160.574
202.304
198.072
150.595
194.845
177.989
179.275
177.826
226.595
170.267
280.936
197.825
192.488
156.046
388.156
234.2
224.047
167.762
412.141
329.016
154.439
228.061
249.993
280.877
244.288
466.01
219.781
226.878
438.486
292.321
258.682
319.201
217.699
392.917
169.746
325.312
164.784
241.972
204.572
206.098
177.25
212.295
232.378
303.221
205.144
152.72
301.062
157.265
615.657
157.407
280.965
357.641
445.381
183.804
157.985
272.991
179.633
161.374
267.196
178.879
240.802
257.957
217.917
334.579
378.993
156.355
652.542
472.194
241.381
172.636
221.373
262.309
310.521
323.061
219.088
346.27
275.421
334.05
150.576
207.252
232.634
420.525
201.342
300.372
168.132
356.25
229.536
156.587
160.497
184.852
420.711
184.258
213.943
169.373
227.968
429.004
225.448
277.321
174.549
200.685
216.794
166.26
250.861
173.251
242.247
207.858
178.614
295.41
387.164
232.754
501.073
197.242
158.042
346.992
151.971
167.789
174.626
174.352
207.491
467.041
219.508
206.395
226.3
357.588
181.846
157.634
169.284
165.554
180.411
169.877
193.94
215.153
245.77
327.343
201.633
216.293
342.892
175.132
235.742
154.956
217.039
186.783
196.487
156.445
186.027
227.126
230.288
160.854
189.117
209.254
167.542
219.093
226.603
150.797
289.451
185.371
173.911
1597.92
223.343
171.889
264.873
197.923
328.341
242.814
279.552
198.653
158.521
204.671
220.387
177.197
279.722
186.238
321.955
158.69
168.43
164.252
164.027
185.58
171.018
383.614
241.785
291.553
511.236
156.206
187.474
190.746
172.284
174.471
198.16
278.307
185.182
263.097
181.784
346.829
193.031
189.101
356.798
199.084
192.343
154.255
283.123
298.01
208.104
161.237
314.973
150.988
194.114
189.932
397.105
541.183
166.867
524.014
258.132
302.288
150.175
188.66
205.873
268.049
182.724
160.001
172.882
250.37
167.764
302.43
336.942
274.874
206.559
428.598
188.009
186.95
170.471
174.713
194.581
199.687
456.586
367.367
168.629
210.875
188.944
240.362
324.463
210.745
209.396
210.29
175.68
188.284
244.81
464.618
197.973
536.95
158.637
225.931
364.385
280.693
230.666
318.014
235.476
193.594
295.412
170.762
172.172
151.17
517.656
656.055
184.88
169.158
194.364
151.139
383.44
154.556
157.084
156.262
161.156
157.445
421.257
260.642
164.726
178.421
171.258
221.558
291.441
277.029
203.607
186.205
203.62
242.742
368.546
157.668
294.519
309.405
277.624
161.231
226.234
264.374
348.859
178.828
176.348
209.07
223.587
189.56
225.826
177.881
153.033
291.319
162.376
661.829
385.345
212.115
827.548
203.665
151.112
183.865
164.691
334.406
153.726
161.146
289.456
250.948
224.31
350.966
303.203
412.858
281.237
255.445
421.416
155.733
202.118
198.048
309.225
181.272
321.171
177.859
219.063
216.396
154.897
187.203
173.273
667.69
181.483
272.521
443.021
243.906
164.14
173.141
183.574
213.709
264.752
196.682
258.26
452.997
329.763
223.162
282.02
208.294
242.285
162.126
166.439
386.71
164.089
185.356
233.93
287.312
218.892
303.705
217.683
234.847
350.116
177.495
150.855
250.449
238.887
242.946
220.236
180.328
178.451
212.948
228.935
558.744
150.968
170.707
151.796
198.879
254.889
162.991
157.182
157.973
162.43
173.38
284.791
187.38
240.928
179.169
186.594
160.707
189.627
170.345
207.065
384.097
181.667
313.8
175.077
218.554
166.546
213.579
221.74
220.916
196.481
195.421
189.954
177.671
152.765
218.961
155.048
511.521
249.942
161.881
191.436
162.65
260.075
160.775
200.475
247.77
185.883
215.626
157.225
167.715
194.479
226.166
165.19
216.749
221.75
174.406
170.931
151.703
328.197
252.515
225.621
243.005
635.148
227.533
234.893
235.993
152.827
157.586
183.953
207.932
176.881
275.022
215.036
154.42
206.868
176.448
158.116
609.877
160.94
222.826
284.438
274.381
212.065
194.296
394.433
189.333
176.461
195.952
336.878
175.407
166.642
616.508
193.994
150.406
439.631
156.257
176.925
181.124
158.167
224.497
214.32
203.442
300.215
258.207
190.475
340.647
151.282
193.849
225.59
166.792
204.921
381.671
223.612
170.889
157.704
248.754
159.79
233.237
162.917
176.631
227.002
348.623
155.711
275.557
219.136
153.001
266.173
221.604
198.212
214.977
158.085
207.908
229.426
244.33
252.092
181.904
194.419
165.246
576.225
181.628
220.668
268.49
184.482
236.787
206.241
171.857
536.742
169.145
241.647
168.85
174.786
289.433
179.919
208.86
217.049
224.363
222.095
233.703
221.712
334.989
263.686
195.538
248.075
187.993
187.11
177.037
225.093
167.635
274.904
155.637
224.556
166.205
153.147
150.288
176.451
192.833
184.398
492.409
170.089
158.231
155.866
189.763
199.313
267.77
248.326
200.9
211.274
170.389
220.305
183.752
296.318
350.682
175.763
168.185
202.533
281.617
169.069
271.521
180.918
202.365
174.04
218.711
171.317
178.386
244.361
179.858
209.776
175.976
217.15
275.462
156.324
359.146
168.711
661.193
199.335
199.875
301.886
152.163
233.576
281.068
184.561
173.005
198.2
186.264
158.98
195.425
151.972
315.337
150.279
183.507
259.995
164.545
275.701
210.851
186.388
298.482
563.001
213.936
219.358
169.744
170.46
159.601
313.58
153.81
190.31
191.076
189.676
153.545
215.178
155.46
358.231
200.144
242.956
156.88
164.802
184.489
150.178
385.074
172.467
342.141
288.876
167.588
232.192
196.385
151.32
399.833
227.06
178.98
185.735
236.73
295.776
154.504
282.044
237.349
250.571
154.685
186.007
168.618
158.395
474.922
162.121
449.132
680.818
229.675
440.942
304.374
180.959
197.582
167.885
204.85
164.658
202.405
173.146
257.388
151.522
171.858
180.042
434.803
311.909
308.945
465.548
242.378
152.81
438.277
151.523
167.897
177.99
164.313
415.287
154.317
163.75
487.752
174.065
321.521
378.75
187.505
498.059
210.669
169.439
304.737
152.285
216.951
173.267
157.7
253.321
201.788
593.486
254.923
276.578
272.315
162.191
176.393
197.812
177.53
150.551
180.563
193.378
182.52
236.693
172.253
208.346
210.206
353.736
324.669
329.376
156.487
157.379
261.958
307.501
166.431
187.406
433.666
171.378
217.73
212.693
226.301
153.155
203.799
198.107
309.774
172.628
378.177
272.843
177.823
184.761
157.519
530.914
184.01
194.302
166.551
163.835
203.652
669.98
205.327
197.747
265.246
198.299
332.588
229.673
200.974
283.244
256.92
369.533
502.217
168.146
186.178
167.03
550.785
262.523
202.95
162.477
159.596
378.75
157.822
151.186
346.195
261.898
214.047
157.187
419.885
165.909
199.254
270.598
164.879
226.95
161.481
270.181
714.34
225.65
169.36
191.164
193.239
228.241
158.724
183.975
307.144
180.285
227.845
218.136
165.157
556.851
180.915
356.26
193.386
206.391
162.542
198.996
330.226
153.774
162.063
214.459
364.485
166.752
360.857
164.693
986.999
225.675
719.559
159.555
481.033
229.087
167.646
441.471
176.836
179.923
173.412
151.941
162.997
251.447
190.86
297.686
232.038
171.248
286.894
219.493
184.447
323.791
155.579
239.846
385.457
165.439
193.613
371.636
263.146
265.279
156.893
197.101
341.3
415.573
504.129
306.34
168.678
238.026
166.197
229.075
152.191
166.123
694.182
150.084
197.974
173.535
214.404
236.273
185.358
235.369
150.953
199.78
265.975
219.498
280.269
349.429
309.748
247.238
153.227
433.993
155.098
192.685
215.425
274.443
273.337
460.758
182.561
576.279
197.619
154.749
221.121
224.458
508.548
187.708
180.269
205.672
153.164
239.896
240.608
188
406.03
306.571
185.634
228.719
160.667
193.538
161.973
213.671
205.107
221.512
422.535
163.145
176.864
237.626
160.089
294.957
232.539
280.937
203.088
176.3
170.974
255.176
303.938
586.427
169.412
277.294
179.335
150.643
217.15
196.879
250.732
164.141
377.771
188.767
581.671
152.249
161.63
260.174
171.268
155.652
151.737
227.966
241.574
258.692
210.914
191.763
181.253
240.951
742.4
210.115
208.605
201.494
212.727
179.438
260.224
151.075
211.774
331.664
187.028
605.141
169.086
487.016
164.114
327.518
409.258
162.36
268.607
154.362
178.609
300.551
192.698
209.788
288.429
260.799
154.803
160.621
169.046
184.481
209.095
183.378
157.867
160.593
171.952
186.324
320.104
175.105
182.633
176.12
212.189
191.256
234.373
366.786
236.076
238.732
212.795
155.118
188.393
196.096
210.379
244.955
216.718
262.086
211.539
220.02
481.275
221.058
199.761
196.108
170.509
199.111
179.384
237.059
276.734
191.074
409.769
267.638
151.279
279.599
285.741
207.516
306.339
420.166
324.967
187.174
189.145
201.223
155.953
196.959
276.332
178.802
162.865
189.475
237.208
151.383
426.357
152.429
439.71
190.947
203.474
281.477
261.368
179.001
195.363
255.125
271.213
206.725
164.599
153.398
157.066
192.163
235.953
184.629
173.417
731.288
152.708
231.797
166.637
151.348
212.783
180.47
258.153
201.407
165.733
239.844
242.358
201.753
238.493
181.143
206.236
210.051
188.211
214.786
187.499
222.696
204.79
307.977
166.045
272.117
156.175
300.453
168.414
156.402
180.132
170.873
263.656
158.019
181.267
165.952
276.421
244.167
161.09
180.495
208.473
194.399
158.363
218.768
208.832
1109.46
171.337
172.048
174.967
317.335
356.871
223.622
253.934
262.904
179.547
386.208
217.177
151.819
195.032
181.684
222.02
197.425
210.882
155.514
170.356
189.788
165.483
286.964
191.57
233.238
258.089
201.574
211.58
161.407
162.408
164.55
214.261
153.278
207.534
248.987
425.025
215.094
239.349
568.103
423.706
213.09
192.585
150.749
226.745
226.783
205.925
210.145
241.514
215.477
181.333
333.146
668.758
444.671
185.759
523.038
247.332
260.397
371.421
187.231
232.598
276.202
248.811
164.253
212.971
176.305
326.801
161.306
214.576
153.537
155.604
155.813
207.071
187.688
399.676
333.93
178.529
169.534
381.905
210.418
219.362
378.4
150.542
353.723
150.798
850.784
175.854
232.634
150.074
205.312
165.792
208.716
228.748
301.247
214.226
227.004
245.238
168.948
169.931
160.598
192.606
275.113
345.515
172.711
179.727
299.666
186.788
832.055
181.221
168.739
211.642
270.078
282.272
370.248
185.002
161.224
306.389
210.287
238.266
172.552
189.277
152.123
224.674
203.453
176.862
310.796
218.987
161.594
314.249
257.99
150.644
180.526
202.29
312.643
512.155
154.437
154.703
567.905
167.193
253.124
171.699
323.486
159.226
153.01
239.982
178.435
214.755
245.906
272.123
480.063
315.865
260.75
206.862
340.129
219.409
175.635
301.924
151.846
159.102
155.649
282.146
282.9
158.3
276.585
150.618
192.734
174.949
223.978
182.861
199.355
185.153
151.906
150.881
302.228
183.421
163.928
281.531
153.442
273.344
275.927
420.742
202.371
177.309
255.297
270.871
280.23
386.572
246.996
250.609
168.98
172.734
165.54
156.645
246.452
229.172
161.611
212.271
362.69
287.086
181.997
171.442
335.759
190.284
194.56
175.737
168.709
323.833
254.961
212.107
364.493
183.39
324.201
194.976
376.733
158.673
169.627
212.243
161.007
297.549
748.693
158.942
157.328
621.086
256.129
150.794
243.976
176.745
269.529
236.436
272.481
233.268
431.511
199.05
173.333
163.521
166.245
189.454
214.295
271.488
209.963
180.031
270.631
583.255
276.364
177.534
151.653
188.912
180.048
163.766
164.006
155.59
212.948
210.768
346.568
194.15
157.323
177.11
152.103
188.821
304.578
228.342
241.62
155.552
230.134
358.418
239.05
192.289
153.756
237.033
165.953
164.867
252.643
222.181
176.623
358.767
208.074
315.075
235.995
158.693
285.283
158.554
150.62
253.854
182.788
220.245
188.323
359.967
174.633
